# ENSEMBLE SAMPLING ELLIPTIC OPTIMIZATION LOG
# SUCCESS!
# NUMBER OF POINTS PER SAMPLE = 6
number samples, inner min ave, inner min std, inner max ave, inner max std, outer min ave, outer min std, outer max ave, outer max std
1, 0.5012484582411644, 0, 0.5877165576910451, 0, 0.47163625107326423, 0, 0.605794163673119, 0
2, 0.5024515623231609, 0.001203104081996531, 0.5753282057627831, 0.012388351928262098, 0.475065127111772, 0.0034288760385077777, 0.5882928969071712, 0.01750126676594782
3, 0.5031597383465565, 0.0014028540604671597, 0.5676909618830462, 0.01479760669239482, 0.4770150899524633, 0.003929737576283626, 0.5777269039091196, 0.020675508256832127
4, 0.5033002752278465, 0.0012390526547467887, 0.5663167483181659, 0.013034272577816109, 0.47743032281091813, 0.0034784167438740394, 0.5757360798073752, 0.0182345173522912
5, 0.5034221293914947, 0.0011347224038422987, 0.5650721322908474, 0.011920993479072078, 0.4777802821876193, 0.003188948525237568, 0.5739653919090362, 0.01668950092094142
6, 0.49714635868025686, 0.014071229010939362, 0.56197107639533, 0.012903790513217994, 0.4692844766160103, 0.01921895042573232, 0.5727360740896743, 0.01548135369824262
7, 0.4981427644102338, 0.013254085834599447, 0.5613597493586817, 0.012040070769696192, 0.4707782624046818, 0.018165614944028137, 0.5714335427910434, 0.014683764410808507
8, 0.4988730710189829, 0.01254772396080426, 0.5610946478276702, 0.01128427414032883, 0.47185368140588924, 0.017228945200010573, 0.5707189802624506, 0.013864902356814228
9, 0.49946076243048015, 0.011946317232719592, 0.5606642886002068, 0.010708323842530064, 0.47274203510914464, 0.016436790803932115, 0.5698594682131002, 0.013296093529247184
10, 0.49998234595488444, 0.01144078188930572, 0.5597211197470744, 0.010545496049713337, 0.4735846279367548, 0.01579686509397564, 0.568378832924968, 0.013373033333271854
11, 0.4096005003231372, 0.2860205804865504, 0.5676946295731956, 0.02714528144756539, 0.34254470798482095, 0.4146582467722928, 0.5993551424877315, 0.09878207104504189
12, 0.41749773760205205, 0.2750935986406729, 0.5666246943775567, 0.026230767316520593, 0.35403114460655183, 0.39882869376525276, 0.5960600207986397, 0.09520596371213946
13, 0.4242099900783573, 0.26532220356397895, 0.5653675313365727, 0.025575212516409276, 0.36382632767492507, 0.3846816305041665, 0.5928112057602102, 0.09216066864420028
14, 0.4299011583969081, 0.25649299661501, 0.5650094804865852, 0.024678680668034757, 0.3720614567940768, 0.37187576621849794, 0.5909846617060752, 0.08905209345552735
15, 0.4348142957722872, 0.2484767427531503, 0.5649130765943985, 0.023844599098325092, 0.37914673236373897, 0.36024292121538576, 0.5896958924796558, 0.08616753037672233
16, 0.439132264809972, 0.24116710245760165, 0.564617315932564, 0.023115832562578955, 0.385397526318609, 0.34964283707653165, 0.5882775140678532, 0.08361200598782402
17, 0.4429535753194191, 0.23446522350124882, 0.5642278379469046, 0.02247970060054994, 0.39094301405387855, 0.33992788840915417, 0.5868511940702599, 0.08131595403153284
18, 0.4453360148265073, 0.22807087824290861, 0.5631324469026189, 0.0223083090097563, 0.394543748708583, 0.3306839593233333, 0.5853290662743206, 0.07927371625762732
19, 0.44828669415006617, 0.2223405975361311, 0.5643494711210549, 0.022318795848072455, 0.39862452288803835, 0.32232943973605926, 0.5862961788847783, 0.07726838821630036
20, 0.4510829350902408, 0.21705329887288585, 0.5639648154279521, 0.02181819093657932, 0.4026921782152349, 0.31466780088196233, 0.5850924994589709, 0.07549444791313982
21, 0.4536020178781034, 0.21212169887778262, 0.5637406060121759, 0.02131597037880527, 0.4063438609029645, 0.3075182618307554, 0.584170991802379, 0.07379020692085735
22, 0.45589033008029867, 0.20750981598186113, 0.5635567168382527, 0.020842924559733557, 0.4096588833121993, 0.3008317408859713, 0.5833604248194826, 0.0721892808987972
23, 0.4578006744546157, 0.20314630905936423, 0.5651890756379919, 0.021775225541196916, 0.4121700903287562, 0.29445492136301865, 0.5851714679483005, 0.07111168434462665
24, 0.4597155400264114, 0.19908098753495454, 0.5650477876934605, 0.021327514964902025, 0.4149451705374381, 0.28856224827969695, 0.5845067752888832, 0.06968737647898306
25, 0.4614547496055478, 0.19524473466145212, 0.5651634965127657, 0.02090429868557552, 0.4174366875349218, 0.28299545588880776, 0.5842362000819409, 0.06829227105262546
26, 0.4630899977580732, 0.19162772242671874, 0.5649417307260859, 0.020528319679152033, 0.41981775239230157, 0.2777551395874704, 0.5835322337389784, 0.06705852115186324
27, 0.4646248853224892, 0.18820837661015327, 0.5644970153898851, 0.020271806169162892, 0.4220764717811128, 0.2728062213956981, 0.5825597022919016, 0.06599156527518572
28, 0.46607321186091805, 0.18497011678803305, 0.5638105606461422, 0.02022356103994574, 0.424230508076959, 0.26812410993368185, 0.5813094028383717, 0.06512728103946847
29, 0.46724308222080074, 0.1818583889596758, 0.5650419708247497, 0.0209128578387569, 0.42573734466803326, 0.2635813533423868, 0.5827380796184162, 0.06443953163376796
30, 0.4684572519644455, 0.17892123933172438, 0.5649669141430664, 0.020565328602847103, 0.42749712117657446, 0.25932431385477733, 0.5823329844715924, 0.0633939830704368
31, 0.46961038759677054, 0.17612504152168615, 0.5647014485335717, 0.020283094157632606, 0.42918944628409816, 0.2552757193423397, 0.5816877808934626, 0.0624631659737187
32, 0.47065199225201687, 0.17344822701216692, 0.5648871723751593, 0.01999041845907094, 0.43066861620588376, 0.25139031651289256, 0.5816829973626951, 0.061479438358075116
33, 0.4716692955383303, 0.17089692615888016, 0.5646337492529494, 0.019737334525675422, 0.43216373726312496, 0.24769650835019155, 0.5810879064561573, 0.060634285618631295
34, 0.4726194481773947, 0.16845343130707843, 0.5644786516410474, 0.019465314823423802, 0.43355165975819754, 0.24415694260678975, 0.5806406876509869, 0.05979116912468299
35, 0.4735068562046828, 0.16611012752547866, 0.5644270700439753, 0.019187581211909163, 0.4348375907811728, 0.24076049956717802, 0.5803487790253752, 0.058955395596639704
36, 0.4741038133488146, 0.16382486559982357, 0.5666177124331558, 0.02293247714250368, 0.4353367983222461, 0.23741142427857406, 0.5832831197782802, 0.06066755987728684
37, 0.47479732320986695, 0.1616494163215046, 0.5675657365877893, 0.023324665644438792, 0.4361985955341019, 0.23423826553976643, 0.5844340927354706, 0.06023926473504372
38, 0.4756095753778142, 0.15958477074415492, 0.5668479178124652, 0.0234262234468892, 0.4374432811361966, 0.23125960242906476, 0.58331540389546, 0.059829585399015194
39, 0.4763934945820208, 0.15759963039150326, 0.5661814245310406, 0.023486092999768414, 0.43865205460774437, 0.22839706432806448, 0.5823291153912624, 0.059369691553836784
40, 0.47709865557760667, 0.15567946313245082, 0.5658302921210459, 0.02329410043527172, 0.4397101344932227, 0.22562081089197908, 0.5816766003923931, 0.058764330383694524
41, 0.4777592975833664, 0.15382596946362231, 0.5656139732938907, 0.023048912197447355, 0.44069057685671387, 0.22293860527258466, 0.5812121167716882, 0.058117560184416724
42, 0.4776414658987372, 0.15198554856999352, 0.5651416090739767, 0.022972847758449738, 0.4406021851795031, 0.22026931268740665, 0.5808043989286736, 0.057480832735998605
43, 0.47818361055369574, 0.15024896501028812, 0.5657325470112825, 0.023024881305050544, 0.4413036863129241, 0.21774044096874073, 0.5814800218753791, 0.05697700797041372
44, 0.4788043072806035, 0.14858753421208368, 0.5651830084801944, 0.02304521831471678, 0.4422540734878796, 0.2153420960371913, 0.5806084678948185, 0.05661502591254455
45, 0.4793750795120542, 0.14697605855554843, 0.5649219822414562, 0.022853406522774535, 0.44310829392856094, 0.21301134020942697, 0.5801046116138989, 0.05608211358357464
46, 0.4793341063174344, 0.14536997444340624, 0.5696647645201678, 0.03902760029072925, 0.44216570804600563, 0.2107781404526908, 0.5868171492815059, 0.07144541106964088
47, 0.47992562091416135, 0.14387111672806943, 0.5690849555656265, 0.03880992487589625, 0.4431036199506943, 0.20862076925337486, 0.5860648092675689, 0.07086521167313009
48, 0.4804120310966105, 0.14240362053275096, 0.5690437354752388, 0.03840456673074465, 0.4438191324467016, 0.20649446974271224, 0.5858671441809301, 0.0701362397217809
49, 0.48072277703202665, 0.1409594739141596, 0.5704485922408062, 0.039237028531721944, 0.4440423365915855, 0.204382372063254, 0.5877505149512524, 0.07063258871916081
50, 0.4811706611682751, 0.1395779754481672, 0.5704152990302324, 0.038843375668121634, 0.444701763077802, 0.2023808742229458, 0.5875739657243779, 0.06993361601713952
51, 0.4816097540295879, 0.1382376617895853, 0.5702882517970531, 0.03847116343377522, 0.44535954083209095, 0.20044089760541003, 0.5872718976730384, 0.06927753328009634
52, 0.4820853369658365, 0.1369441235743484, 0.5697262472745251, 0.03831026749861002, 0.44611979826164, 0.19857846047501185, 0.5864746218334999, 0.06884401934935586
53, 0.4824896956576943, 0.1356773821505672, 0.5696269512415811, 0.03795388371544472, 0.4467235227238456, 0.19674433049931858, 0.5862184889755803, 0.06821646356169705
54, 0.4828886618572196, 0.1344466170746689, 0.569424360049639, 0.03762973162922474, 0.4473306908465948, 0.19496422554977816, 0.5858249368348943, 0.06764258311350742
55, 0.4829873846268952, 0.13322074365384715, 0.5717594912317624, 0.041045152458407785, 0.44706157780183364, 0.19319381469610414, 0.5890847991130793, 0.07117703075245503
56, 0.48331168849705985, 0.13204781956624995, 0.5720616929403022, 0.040738721797333705, 0.4474951488835511, 0.19148809839858433, 0.5894078863966684, 0.07057934249586882
57, 0.4835536989401184, 0.13089690901054654, 0.572996117891623, 0.04098076745599145, 0.4477006354836103, 0.18980717471900224, 0.5906459814246205, 0.07056834333259933
58, 0.48350186441589493, 0.1297641712123849, 0.5762073359830057, 0.047310117945912576, 0.4470332427994017, 0.18823124347303166, 0.5951908857043645, 0.07791939244916486
59, 0.48387405480935763, 0.12869099519898886, 0.5756265138329044, 0.04711557512416368, 0.44764362165000454, 0.18668712916050256, 0.5943160984182211, 0.07754296073434373
60, 0.4841451862208963, 0.12763105655305107, 0.57600274621939, 0.04681058598225937, 0.44798880134621494, 0.1851438519547027, 0.5947581735942497, 0.07696899361001303
61, 0.48447358276000146, 0.1266061341779719, 0.5756920203727195, 0.046487656147556095, 0.44851174513741443, 0.18366468270056854, 0.5942334540880359, 0.07644362205119155
62, 0.48474065234173824, 0.12559828829759243, 0.5759196152118917, 0.046145481376559216, 0.4488744238791825, 0.1821995150935818, 0.5944681159743855, 0.07584678197848074
63, 0.4850018514504655, 0.12461446247142674, 0.5761148870213083, 0.04580359693163094, 0.4492332804338621, 0.18076978833450794, 0.5946593748695339, 0.07525748501566586
64, 0.4853056870748905, 0.12366059691343288, 0.575768159049549, 0.045527602579182515, 0.4497231884764665, 0.17939411272177896, 0.5940956118740466, 0.07480118393791113
65, 0.48559975582098014, 0.1227282243629415, 0.575436974331489, 0.045253659228774584, 0.4501969510118116, 0.17804915342856942, 0.5935556489705407, 0.07434915393687995
66, 0.4858900596766799, 0.12181740272519861, 0.575055331137005, 0.045014801242292936, 0.45066935256497787, 0.17673619004926858, 0.5929530321953963, 0.07394353757671644
67, 0.48617198223470814, 0.12092659152626294, 0.574681709438528, 0.044780595286422406, 0.4511283581698174, 0.17545193634321335, 0.5923640762213348, 0.07354545155655551
68, 0.4864069919691899, 0.12004954504175301, 0.5747420732655778, 0.044452852744828034, 0.45146872523951853, 0.17417935327035736, 0.5923741828182393, 0.07300272015046286
69, 0.48652757395941876, 0.11918059392164243, 0.5757683697471506, 0.04493373973454593, 0.45147625923518353, 0.17291258868636877, 0.5937784421429154, 0.0733910874601597
70, 0.48655661419656987, 0.1183264876196619, 0.5753181010870846, 0.044768143952181934, 0.45159334997604805, 0.17167581117477473, 0.5932742096621699, 0.07298526250341401
71, 0.4867022457720964, 0.11749656534330961, 0.5760479374235548, 0.04486919886195186, 0.45169164119263805, 0.17046452301002787, 0.5942506428833252, 0.07292847204868602
72, 0.48677122391483096, 0.11667921161159257, 0.5773640470070203, 0.045915852657287856, 0.4515667345224772, 0.16927987434220734, 0.5960787290110239, 0.07404031293429583
73, 0.48334545827276765, 0.11946768350544637, 0.5772604779071433, 0.04560874354543456, 0.44667333035097867, 0.17316813063662953, 0.5967854146567279, 0.07377553537261834
74, 0.48363813253177956, 0.11868406995226567, 0.5768563443869521, 0.04543093545512858, 0.44715034022174227, 0.17204237652490983, 0.5961547344813108, 0.07347322072843177
75, 0.4838236079496151, 0.1179009840132578, 0.5774513256352168, 0.045416368155749384, 0.4473289749104977, 0.17089848730201695, 0.5969316218804184, 0.073287104188291
76, 0.4840995827964177, 0.11714713400411149, 0.5770874855640337, 0.04522648428502645, 0.44777819003373504, 0.16981499992842095, 0.5963562980206873, 0.07297364872455574
77, 0.48436046308835606, 0.11640617173060304, 0.5768257495491875, 0.04498974580695525, 0.44819554493882485, 0.16874793045603262, 0.5959178508881681, 0.07259893593706553
78, 0.48461209643859493, 0.11567864699358704, 0.5765998932231944, 0.04474433341648273, 0.4485954564634719, 0.1676994436597876, 0.5955301378512042, 0.07221224537116473
79, 0.4848551450731475, 0.11496421328048385, 0.5764046843453831, 0.04449365356179498, 0.4489793288271105, 0.166669159344083, 0.5951863088934345, 0.07181797624539946
80, 0.4850763975157221, 0.1142603516747382, 0.576383091765332, 0.04421511025777971, 0.44930994638926924, 0.16565026833008076, 0.5950867701804052, 0.07137318592483372
81, 0.4853121948131416, 0.11357243446827149, 0.5761445905231932, 0.04399308009951371, 0.4496874126835387, 0.1646591761466084, 0.5946878207728237, 0.07102094060918093
82, 0.48513032008448054, 0.11288966307537374, 0.5757771055419386, 0.04384891593098551, 0.44948995280027376, 0.1636617258512125, 0.5943251022709388, 0.07066200441922993
83, 0.4853553145424904, 0.11222603971487397, 0.5756023063067116, 0.04361269917095363, 0.4498442866470628, 0.16270446531774663, 0.5940138559149403, 0.07029156778735383
84, 0.48435730360225077, 0.11192594614464665, 0.5753321308771072, 0.043422142199874274, 0.44846191078526293, 0.16222269034409748, 0.5939583856052277, 0.06987374040081282
85, 0.48451424816554384, 0.11127490774212193, 0.5758597574459805, 0.043435987727137686, 0.4486093971043303, 0.16127128101644542, 0.5946476150283784, 0.0697481428629216
86, 0.4847511113753609, 0.110647620770326, 0.5755447477937654, 0.0432802665621966, 0.448993972831818, 0.1603701153372169, 0.5941504846317063, 0.069492753109296
87, 0.4850046288660799, 0.11003499605110702, 0.5751567793828778, 0.043180960250009275, 0.4494162469410511, 0.15949386579991662, 0.5936308326234158, 0.06926007135113962
88, 0.4852186266247667, 0.1094262172446117, 0.5749949441285811, 0.04296144005207771, 0.4497522492143852, 0.15861602629860003, 0.5933396512612042, 0.06891895991688889
89, 0.4854353816102293, 0.10882872361739933, 0.574749987936003, 0.042781159464304344, 0.4501005035404289, 0.15775623806376846, 0.5929382499173523, 0.0686340517912691
90, 0.48564547436496874, 0.10824057873333835, 0.5745319824554596, 0.04259250628339346, 0.4504362869171949, 0.15690934604940043, 0.5925742544005496, 0.06833801688241332
91, 0.48584585148613385, 0.10766099093666291, 0.5743769993721232, 0.042383345401788994, 0.4507512794396805, 0.15607343555981118, 0.5922969592372105, 0.06801239060385134
92, 0.48599008933701093, 0.10708311846704417, 0.574738031195204, 0.04229283329352933, 0.4509091802610066, 0.15523020105725172, 0.5927542464424443, 0.06778226347936793
93, 0.48616954558416375, 0.10651975504908281, 0.5747235505895991, 0.042065067225716374, 0.4511766305236133, 0.15441468455890112, 0.5926752275680045, 0.06742111805132024
94, 0.4860685181785583, 0.10595612498262336, 0.5744115742235454, 0.04194874674604418, 0.4510848777682032, 0.15359368241845905, 0.5923565009419807, 0.06713193871695936
95, 0.4862609333383036, 0.10541349460686857, 0.5742080886916374, 0.041773992166486196, 0.45139274145258285, 0.1528123099906045, 0.5920170988202176, 0.06685870545613505
96, 0.48301173868480957, 0.10954083738455365, 0.5742292102401928, 0.04155635965389287, 0.4467298221136001, 0.1586629251652461, 0.5928264852307524, 0.06697580308309783
97, 0.48323239074178836, 0.10899617423015336, 0.5740237683192443, 0.0413905717257437, 0.44707801458821333, 0.15787982037637713, 0.5924785607293251, 0.06671682103321264
98, 0.47724129181843944, 0.12345277090926804, 0.5743399840287319, 0.041296455845742285, 0.4384284496815652, 0.17868615712192046, 0.594270706284276, 0.06868229527247988
99, 0.47750566253620436, 0.12285556857308629, 0.5742515180333422, 0.04109669087876122, 0.4388265106759476, 0.1778250785024824, 0.5940705228717673, 0.06836326359565559
100, 0.47777817389860194, 0.12226981558807999, 0.5740118447779285, 0.04096016973645622, 0.4392519253252287, 0.17698434321636577, 0.5936681055480745, 0.06813833342468102
101, 0.47801176031738335, 0.12168543534991787, 0.5741358214475855, 0.0407757438151538, 0.4395761115119177, 0.1761358400982178, 0.5937714038518305, 0.06780804448894177
102, 0.47825340327386345, 0.12111181878211175, 0.5741305773632427, 0.04057540462399791, 0.43993050988734006, 0.17530648690003245, 0.5936922874314481, 0.0674795179571066
103, 0.47847449217047594, 0.12054314566583384, 0.5742833259222008, 0.0404074154779296, 0.4402319526293662, 0.1744799713088775, 0.5938396399522233, 0.06716763692599272
104, 0.47872685851671987, 0.11998955005524387, 0.5740566854830942, 0.040278409901549767, 0.44062662506393735, 0.1736852920152514, 0.5934602275389786, 0.0669547531099135
105, 0.4789795317819572, 0.11944460181555903, 0.5737736021608222, 0.040189967782065225, 0.44102614705875876, 0.17290425138770185, 0.5930121242080388, 0.06679166978830607
106, 0.47921812416617343, 0.11890498604238249, 0.573605726514725, 0.04003691537515445, 0.4413950591512288, 0.1721282476429399, 0.5927130792799923, 0.06654645726209688
107, 0.4779726975537468, 0.1190406503502434, 0.5734652365228559, 0.03987563011566394, 0.43963498397268264, 0.17227770849023197, 0.5928654530744154, 0.06625333842707387
108, 0.4779170774243701, 0.11848965137884997, 0.5732096075463727, 0.03977857570983138, 0.43959909296792116, 0.1714786735522226, 0.5926017738743261, 0.06600227759995142
109, 0.47814198339746283, 0.117968025047574, 0.5732347238352894, 0.03959654504217026, 0.4399245678805806, 0.17072377191285373, 0.5925689269926792, 0.06569970403655706
110, 0.4783796097328508, 0.11745678580209895, 0.5730767435922142, 0.0394506433695671, 0.4402903286126882, 0.16998887983494337, 0.5922833019121676, 0.0654683362373876
111, 0.47861756386667215, 0.11695313510847782, 0.5728675916878875, 0.03933375088662326, 0.4406611951817441, 0.16926612948004693, 0.5919319714614399, 0.06527685001683492
112, 0.47884815918731644, 0.11645519665676479, 0.5726987771980973, 0.03919813118392655, 0.4410176084474591, 0.16855061632530638, 0.5916345989825006, 0.06506026190504488
113, 0.47907424282334143, 0.11596344912260256, 0.5725379641659125, 0.03906139544247004, 0.4413666093254269, 0.16784380304001334, 0.5913491341388094, 0.064842160963772
114, 0.47929163054537327, 0.1154768414266031, 0.5724340418112666, 0.03890538332778374, 0.44169706097446926, 0.16714294132441462, 0.5911416801479388, 0.06459479396345297
115, 0.4794234890340538, 0.11498229135467805, 0.5730896563148011, 0.03936327634828355, 0.44177937395366484, 0.16641696686554577, 0.5920235914583218, 0.06499900314433713
116, 0.4796286128786902, 0.11450673573980963, 0.5730432233980435, 0.03919640274337554, 0.4420855382251244, 0.16573062467265495, 0.591897620127879, 0.06473232594594806
117, 0.4797306739230952, 0.11402163933199246, 0.5727946681899618, 0.03912023986858843, 0.4422728109876418, 0.16503318028233002, 0.5916028391970638, 0.06453324435483568
118, 0.4799167112349518, 0.11355530011100239, 0.5728851459060632, 0.038966415297741266, 0.44253244977116835, 0.16435639534964155, 0.591671671829592, 0.06426352975226354
119, 0.4800012764232126, 0.11308090164771196, 0.5738231226259236, 0.04011780715793071, 0.4424907584708282, 0.1636649919446519, 0.5929663777722156, 0.06552019638532038
120, 0.4801818551733529, 0.112625973906241, 0.5739045368120055, 0.03996017052217944, 0.44274395328843763, 0.16300503002853928, 0.5930241490951924, 0.06524966793389157
121, 0.48037286335386187, 0.11217912731761796, 0.573846522006049, 0.03979977756494911, 0.44303123520497284, 0.16236056004451838, 0.5928856648155718, 0.06499718766348064
122, 0.48058883814342745, 0.1117436881411303, 0.5735825814208383, 0.03974252037123011, 0.4433800543596745, 0.1617392986768783, 0.5925204892453227, 0.06485477615532914
123, 0.4807802023342714, 0.11130858913706804, 0.5734528828273632, 0.0396065521508736, 0.44367578777778977, 0.16111359645530848, 0.592284829925415, 0.06464302763834896
124, 0.4809651731873228, 0.1108778346606016, 0.5733625612572589, 0.039459241866510716, 0.44395793225517943, 0.16049313701534684, 0.592103861215754, 0.06441311876517437
125, 0.48114617031571466, 0.11045182343615606, 0.5732849092608988, 0.03931059925471954, 0.44423281043456564, 0.1598791789022855, 0.5919412803396291, 0.06418048850875875
126, 0.48121293183267966, 0.11001518155964458, 0.5741945916584285, 0.04045366487552859, 0.4441697790478734, 0.15924503318513636, 0.593201077455551, 0.06545861023142333
127, 0.4813394138915072, 0.10959039188762261, 0.5745855934451106, 0.04053241129016438, 0.4442922411307679, 0.15862280163571388, 0.5937101279257359, 0.06545029806877355
128, 0.4815112909326137, 0.10917864830334678, 0.5745215574997151, 0.04038022003265911, 0.44455270583645745, 0.15802922923778143, 0.5935684570416325, 0.06521367769027901
129, 0.48169004086024964, 0.1087734531843684, 0.574350752070033, 0.040269796229937364, 0.4448344653875992, 0.1574477946102532, 0.5932825626146511, 0.06504089706987409
130, 0.48186593127855915, 0.10837270065108934, 0.5741838603542299, 0.04015937281258704, 0.44511161286517664, 0.15687264191084735, 0.5930027509923543, 0.06486815380362375
131, 0.4820238355088702, 0.10797328315735309, 0.5741879383901889, 0.040005826143102545, 0.44534295518102496, 0.15629500352277928, 0.592959073073421, 0.06462201006941017
132, 0.48209527521337464, 0.10756662367197055, 0.574933166957629, 0.04075652436040648, 0.44531797868234246, 0.15570211389255695, 0.593985227391909, 0.06543935995903342
133, 0.48224793718988596, 0.10717582771682188, 0.5749432943718816, 0.04060318196638987, 0.44554102204164153, 0.15513682909355292, 0.5939514527697638, 0.06519403798873569
134, 0.48217151110093226, 0.10677880671762166, 0.5747262047336529, 0.0405287956356984, 0.44546846306654264, 0.15455914153112282, 0.593730721702475, 0.0650001866526984
135, 0.4822278511495397, 0.10638459366596337, 0.5744995898016877, 0.04046353261922215, 0.4455866362439733, 0.1539917123304052, 0.593466405302044, 0.06483123824382334
136, 0.48239008360790253, 0.10600951200807862, 0.574361611850112, 0.040346358430073864, 0.4458410412747893, 0.1534529939144175, 0.5932275826427309, 0.06465202454816775
137, 0.48254949100382555, 0.10563826567730848, 0.5742309164729628, 0.04022772342553388, 0.4460905445404011, 0.15291960531376106, 0.5929993071814932, 0.06447062192410023
138, 0.4826982187877514, 0.1052692171468574, 0.5741947723161059, 0.04008393838622433, 0.4463137537765891, 0.1523869388691953, 0.5929019684916887, 0.06424671087630186
139, 0.48283535532055405, 0.10490223813978239, 0.574256025514117, 0.039945972692147405, 0.44650671301603506, 0.15185471401854575, 0.5929432321781918, 0.06401702569719082
140, 0.48294742584722883, 0.10453526655568858, 0.5745319236663468, 0.03993574421063214, 0.4466280868647516, 0.15131817015657945, 0.5932936377105399, 0.06392162270305972
141, 0.4830971414591908, 0.10417897655464337, 0.5744176567035121, 0.03981683748442416, 0.44686173608640134, 0.15080596833386667, 0.5930901699108199, 0.06374002817248682
142, 0.4832500008947264, 0.10382736807055076, 0.5742438311161631, 0.0397300422568238, 0.44710554698026095, 0.15030190825592926, 0.5928087163518725, 0.06360306169344362
143, 0.4834171896226456, 0.10348287821398773, 0.5740215722626835, 0.03967937272600606, 0.4473794990159175, 0.14981102768687693, 0.5925208486183874, 0.06347304571139624
144, 0.48355768440427405, 0.10313662159992772, 0.5739450945085705, 0.039551931764236395, 0.44759545458536976, 0.14931227854556423, 0.592370611935754, 0.06327777828436487
145, 0.4837008135740656, 0.10279471265739105, 0.5738179136213756, 0.039444845618152036, 0.4478205716421375, 0.14882103785454132, 0.5921520431723349, 0.06311372363237362
146, 0.4838257679201681, 0.10245312050131217, 0.5738662831798393, 0.03931384322391921, 0.4479976222766842, 0.14832582387515597, 0.5921786062734768, 0.06289802268244357
147, 0.48396966341056147, 0.10211884858544533, 0.5736879519587658, 0.03923910328631515, 0.44822833032842263, 0.14784673634733866, 0.591894986534678, 0.06277732758374621
148, 0.48263913398233727, 0.10304384204593543, 0.5736266715578499, 0.039113371457526316, 0.4463315927804142, 0.14913018801059685, 0.5921514709710912, 0.0626421169466004
149, 0.48274074665031746, 0.10270491485048726, 0.5739343058375646, 0.03916114002186821, 0.446431688161439, 0.14863389691092815, 0.592549835596266, 0.06261937223303782
150, 0.4828731922841852, 0.10237475896232039, 0.5739356592489179, 0.03903038809466594, 0.4466259941389186, 0.14815660816393572, 0.5925092337964171, 0.06241225975519962
151, 0.48300700388000356, 0.10204836703665104, 0.5739042424025957, 0.038902836613749534, 0.44682652983992793, 0.1476856322368169, 0.5924230443047176, 0.06221420929655006
152, 0.4830957259652302, 0.10171797053741487, 0.57427728439859, 0.039044681144101104, 0.4468957502973775, 0.14720148014859766, 0.5929177712289765, 0.062306510713648025
153, 0.48323331619857524, 0.10139920400403517, 0.5741669508739576, 0.03894064107683698, 0.44711086850824455, 0.14674360963582755, 0.5927236630757954, 0.06214865339303093
154, 0.4833590574487239, 0.10108141623829678, 0.5741674385618479, 0.03881400497909541, 0.44729553018938434, 0.14628422718486012, 0.592683948691055, 0.06194849116584007
155, 0.4834960671813481, 0.10076916440905126, 0.5740256325994856, 0.03872859704360396, 0.44751274757545634, 0.145836493431458, 0.592449185258109, 0.06181702260356299
156, 0.48341191111727255, 0.10045113129609885, 0.5757194294767383, 0.04398836638002169, 0.44706870092160333, 0.14547340022113497, 0.5948631274190554, 0.06855692221884696
157, 0.4835386996834556, 0.10014323381247031, 0.5756615141106193, 0.04385401851675333, 0.44726298354113375, 0.1450296709240355, 0.5947423918586322, 0.06835487527318863
158, 0.4836637142971223, 0.09983811095632533, 0.5756061588142826, 0.043720521812563966, 0.44745433944918755, 0.14458986909647187, 0.5946257330013573, 0.06815389607257728
159, 0.4837956953596282, 0.09953748534541672, 0.5754549359425061, 0.04362425146449718, 0.4476659348814645, 0.14415900455948358, 0.5943795351985982, 0.0680096825173448
160, 0.4838278491939622, 0.09922677149030604, 0.5761887910999067, 0.0444613258287314, 0.4475831236010192, 0.14371159523489294, 0.595401432815484, 0.06901049462906673
161, 0.48395520739971626, 0.09893125095698621, 0.5760587951146436, 0.044353523057327066, 0.44778628458612235, 0.14328763681206955, 0.5951837338337767, 0.06885093172759844
162, 0.48408038851698654, 0.09863822450550448, 0.5759373906500342, 0.044243243187094564, 0.4479853675299044, 0.1428670403946789, 0.5949780717215545, 0.0686876885576564
163, 0.4841953708216537, 0.09834607742233646, 0.575912615122339, 0.04410844615911511, 0.4481583833201467, 0.14244514666758878, 0.5949064288619367, 0.06848273709664172
164, 0.4842885347080436, 0.0980529978828256, 0.5760859640927105, 0.044029422097856624, 0.44826934122309786, 0.14201726415333002, 0.595118476827128, 0.06832728302902245
165, 0.48436059258220643, 0.09775977140125268, 0.576162729393243, 0.04390680377082739, 0.44828803586313276, 0.14158645717794885, 0.5951638538098398, 0.06812239456699706
166, 0.4844838860133941, 0.09747773585836728, 0.5762368381260466, 0.0437847041428942, 0.4485218267298628, 0.14119128886514348, 0.5952569445597441, 0.06792742248913777
167, 0.4839009455922726, 0.0974752346609242, 0.5784262499539445, 0.05197447145974472, 0.4481542279810978, 0.14084757825686456, 0.6000531243010923, 0.09167911231703298
168, 0.4839287712492562, 0.09718536204195544, 0.5785057979901088, 0.051829750168865894, 0.4480006905821653, 0.14044177989826906, 0.6000539284274606, 0.09140585116035041
169, 0.4840642924936767, 0.09691332489670432, 0.5785771024179954, 0.05168444414121419, 0.44828914384093055, 0.14007556032090646, 0.6001521053894953, 0.09114390207517288
170, 0.4836849585607865, 0.0967536173815945, 0.5787683981258371, 0.05159217710193074, 0.4471504654596253, 0.14044524714195164, 0.6002164893151517, 0.09087929078229919
171, 0.48233131062956713, 0.09807150408810783, 0.5793216903261469, 0.051944483986732515, 0.4438743688894961, 0.14640387572740612, 0.6006443540816057, 0.09078473762346584
172, 0.4795033132794336, 0.10454513616035357, 0.580463110426514, 0.05390109136096273, 0.4373693907161003, 0.16895354010741312, 0.6016618052066504, 0.0914930112421497
173, 0.47967519649775, 0.10426691547462075, 0.5806106955742925, 0.05377992418276202, 0.4377848226197539, 0.16855260715516257, 0.6019665655490505, 0.09131571143532279
174, 0.47983947240714153, 0.10398931646858872, 0.5808086623176454, 0.05368834099401262, 0.43818984780430636, 0.16815197137700477, 0.6023890924539421, 0.09122237617844613
175, 0.4800062473707908, 0.10371511239643716, 0.5809187348730299, 0.05355441217094842, 0.43859243961159206, 0.1677549269302369, 0.6026053739302987, 0.09100609692563943
176, 0.4801651306464674, 0.10344140321860812, 0.5809893864150656, 0.0534102304713694, 0.4389578896871252, 0.16734751658186983, 0.6027254331914947, 0.09076108596680336
177, 0.48029562585933894, 0.10316330901312239, 0.581028241140331, 0.05326163480742399, 0.4391906152705376, 0.1669026730073948, 0.6027553068436708, 0.09050520329929879
178, 0.4804185227551587, 0.10288610888044583, 0.5810658478637379, 0.053114169285967516, 0.43939454205137124, 0.1664552966975694, 0.6027774665781227, 0.09025109865912209
179, 0.48054973360470216, 0.10261324836973716, 0.5811048339455351, 0.05296815179762097, 0.4396379181296029, 0.1660214423698387, 0.6028119734918732, 0.08999982504578091
180, 0.48058751280923184, 0.1023290629190825, 0.5811673518819241, 0.05282743528557884, 0.43951642762023874, 0.1655676082928376, 0.6027958932568682, 0.08974973519717858
181, 0.48063530452010794, 0.10204800883749646, 0.5812243835920091, 0.05268685745215158, 0.43943538204733895, 0.1651131860709662, 0.6027823481704592, 0.08950164885253596
182, 0.48074871121003954, 0.10177870751174084, 0.5812600490195156, 0.052544104895844414, 0.4396129209520273, 0.16467627678533545, 0.6027990297975127, 0.08925570867499732
183, 0.4807746252932852, 0.10150084474073111, 0.5813255411293036, 0.05240779335720065, 0.439455676717633, 0.16423942559859064, 0.6027812530150203, 0.08901182962512888
184, 0.4808932850446249, 0.10123737811191032, 0.581360508548498, 0.052267327409714105, 0.4396615675049459, 0.1638161941023952, 0.6028052066993297, 0.0887702115413048
185, 0.48102265876204164, 0.10097864329363604, 0.58139891039244, 0.0521284756710719, 0.4399179799550684, 0.1634098677500272, 0.6028474335068211, 0.0885318199305408
186, 0.4811232275582164, 0.10071611892891537, 0.5814337217863681, 0.05199031261602636, 0.44005510200341763, 0.16298067361778928, 0.6028567826845865, 0.08829360199846865
187, 0.48123029410599827, 0.10045707638081883, 0.5817626358867701, 0.052044792383970855, 0.4403817841958776, 0.16260536154258556, 0.6035823933410263, 0.08861152639636055
188, 0.48134434579448254, 0.10020168561042536, 0.5817945748600557, 0.051908028323740335, 0.4405798184843375, 0.16219493306862384, 0.6036019773254061, 0.08837594898799458
189, 0.4812835796589865, 0.09993972334100874, 0.5825856785247048, 0.052894668461901856, 0.4407347376785247, 0.16177922236837414, 0.6053501419101482, 0.0913429083550504
190, 0.48138760813755227, 0.09968663649770157, 0.5829049842686481, 0.05293760629806908, 0.4410521811148825, 0.16141193355856925, 0.6060548565307207, 0.09161591181055093
191, 0.48153166315061896, 0.09944516047237051, 0.5829875537198898, 0.052811109877455624, 0.44140355364803846, 0.16106167391946927, 0.6062160950270088, 0.09140278984826748
192, 0.48163189380438726, 0.09919552300204663, 0.5830123368771932, 0.05267451498159657, 0.4415508718419894, 0.16065459642193944, 0.6062117708033339, 0.09116447059571248
193, 0.4812567309786851, 0.09907467923630912, 0.5831754206964384, 0.0525864510595884, 0.4404645645224468, 0.16094328663476873, 0.6062546503017182, 0.09092992767801011
194, 0.4811171644542662, 0.09883802209020377, 0.5832695797753181, 0.052467053058764604, 0.43990135380164286, 0.16071852116556562, 0.6062298442795399, 0.09069592412857128
195, 0.4812265056351439, 0.0985960281825588, 0.583292515864694, 0.05233332430521297, 0.44008965528951893, 0.1603273463278212, 0.6062337626102882, 0.09046308802707341
196, 0.48050584862125534, 0.09885773367000923, 0.5857217955458168, 0.062254127868153326, 0.43957888016514884, 0.1600768082369314, 0.611579280604674, 0.11710617873640454
197, 0.4806212245090913, 0.09861973532618218, 0.5857326529602996, 0.062096107486256984, 0.43978421386520294, 0.15969588047320182, 0.611560986938906, 0.11680885755559381
198, 0.48070086130717016, 0.09837673052116372, 0.5857475683258953, 0.061939454425882126, 0.43984680826147493, 0.15929452033112493, 0.6115162391926879, 0.1165152050849
199, 0.48080780007667584, 0.0981407781985799, 0.5857574472061049, 0.061783788030527184, 0.4400219099173418, 0.15891288093447972, 0.6114910344807245, 0.11622262574694919
200, 0.48090393177738844, 0.09790451114820112, 0.5857678021314985, 0.061629308115178534, 0.44015510452976847, 0.158526236403987, 0.6114576104040877, 0.11593266389783659
201, 0.48103585852139996, 0.09767848386385515, 0.5859352230151732, 0.061521388093905845, 0.440489761757599, 0.15820220927912723, 0.6118259347887638, 0.11576116600138621
202, 0.481146083608896, 0.0974489362355732, 0.5859448265750509, 0.06136906953256576, 0.4406869278137183, 0.15783488872161888, 0.6118073187871929, 0.11547457457069354
203, 0.4812352512610757, 0.09721687852448627, 0.5862555916326019, 0.0613768547886029, 0.44097540165208116, 0.1574990269173762, 0.6124986115514447, 0.1156080606739646
204, 0.48137128847761385, 0.0969976761910321, 0.5863209759993078, 0.061233323329495756, 0.4413064146174227, 0.1571832953693185, 0.6126289240618217, 0.11533930424838991
205, 0.48147803632901254, 0.09677281863078033, 0.5863285073721598, 0.0610838858969294, 0.4414957241961327, 0.15682276421427374, 0.6126063536766521, 0.11505809657349186
206, 0.481573441578793, 0.09654731124465513, 0.586335271799266, 0.060935520639430946, 0.4416396903867673, 0.1564552425556886, 0.6125727790146518, 0.11477949627164798
207, 0.4816870515264186, 0.09632762510668434, 0.5863463601910147, 0.060788363529809514, 0.44186513918717757, 0.15611041264816056, 0.6125660548905769, 0.11450195613521445
208, 0.48151786633985505, 0.0961266134742284, 0.5873349269924714, 0.062287666111225756, 0.44188740550224515, 0.1557350246022879, 0.6147524155616234, 0.11847852786362871
209, 0.48160092669098437, 0.09590385148330277, 0.5876356707379085, 0.06228966905446603, 0.4421600852832196, 0.15541177113912125, 0.6154221439217857, 0.1185887583886525
210, 0.4817055131929141, 0.09568718300035796, 0.5876371200412583, 0.06214118687125352, 0.4423472309600398, 0.1550649060847185, 0.6153888766985263, 0.11830704481697318
211, 0.48126385452798226, 0.09567448222660735, 0.5892995450774248, 0.06651010449263106, 0.4420921044383918, 0.15474119026307953, 0.619053537300549, 0.12942359637847772
212, 0.48130983954751844, 0.09545090541840011, 0.5893062044415385, 0.06635312613157758, 0.44204234411239013, 0.1543774953792839, 0.6189674440292449, 0.12912404735048974
213, 0.48140070202332536, 0.09523576824027277, 0.589298925102313, 0.06619726922360623, 0.4421699744902393, 0.1540258913381652, 0.6189032468977116, 0.1288239738031232
214, 0.4627947467947086, 0.28768757962742275, 0.5967942206085735, 0.12778037919501184, 0.4011550300372743, 0.6180025751495758, 0.626260204451657, 0.16747135344846686
215, 0.46298441224937636, 0.2870311693633444, 0.5967530493553673, 0.12748429189169322, 0.4015287220145407, 0.6165879187659898, 0.6261773604350745, 0.1670858263928281
216, 0.462826227559412, 0.28637536766296956, 0.5978653401188546, 0.1282302570193863, 0.4016550544089968, 0.6151617651363361, 0.6286774824615681, 0.17068188560939762
217, 0.4630231788012679, 0.2857294167726186, 0.5978244586112217, 0.12793586528985945, 0.402064583168557, 0.6137722167702767, 0.6286021340627672, 0.17029175591057874
218, 0.46318969245420716, 0.28508387353502135, 0.598058247861589, 0.12768854928378506, 0.40251072340696736, 0.612398129832326, 0.6291663698897452, 0.1701039166803681
219, 0.46336307413142525, 0.2844437722091595, 0.5980110436679492, 0.12739859581466836, 0.4028246999359164, 0.6110159471518358, 0.6290592878394681, 0.16972247149336936
220, 0.46351023719211654, 0.2838049287945771, 0.5979696050758888, 0.12711020304203643, 0.40303752058078945, 0.6096338282464674, 0.6289381754859239, 0.16934578408488152
221, 0.46368705203453214, 0.28317425286709985, 0.5979233946160151, 0.1268241494855545, 0.403373311035384, 0.6082733933681436, 0.6288396469721028, 0.16896853445804808
222, 0.4638906822734549, 0.2825519698180922, 0.5979263784200439, 0.12653819489073242, 0.4038451696375336, 0.6069423991229941, 0.6288747492473731, 0.16858835278806794
223, 0.4640560687656161, 0.28192850281694243, 0.5978807276511117, 0.1262559903696322, 0.4041403567825382, 0.6055959839829179, 0.6287694026640697, 0.16821725050885292
224, 0.46157036818738295, 0.28373701658867906, 0.5988337688457904, 0.12677523393464413, 0.39845543227927266, 0.6101772123143798, 0.629584547988155, 0.16828218053570565
225, 0.46174585811259916, 0.28311797102103725, 0.5987844017169869, 0.12649535532786854, 0.3987771388679911, 0.6088387919102997, 0.6294780543003263, 0.16791536828176798
226, 0.46191777436205983, 0.28250267930947487, 0.5987356291021777, 0.1262173083449952, 0.3990876955902082, 0.6075081703914327, 0.6293708112241931, 0.16755118466998248
227, 0.4620959871547515, 0.28189247148453045, 0.5989123639059246, 0.12596701276121922, 0.39954269287088146, 0.6062071609551117, 0.6298114700354525, 0.16731291893760655
228, 0.46201127500851663, 0.2812765026311009, 0.599800799892569, 0.12640122024680628, 0.39973233727852325, 0.6048830468989735, 0.631821976871952, 0.16967144458221187
229, 0.4621937606627298, 0.2806752158473272, 0.5997493105960849, 0.1261273293548753, 0.4000937552262725, 0.603585568010995, 0.6317214018659089, 0.16930738870190395
230, 0.4623816572443655, 0.2800788212510777, 0.5998718651595876, 0.1258665048266575, 0.4005516518315449, 0.6023118557537269, 0.6320393034696066, 0.1690074097103822
231, 0.4624970485842359, 0.2794774115244131, 0.5998359722509318, 0.12559495064574852, 0.40065356031504656, 0.6010087236252232, 0.6319018872504157, 0.1686540724151035
232, 0.46266762392712174, 0.27888648931977295, 0.5997837355039459, 0.12532649431787193, 0.4009743009747031, 0.5997318599504821, 0.6317927969885339, 0.16829836869908288
233, 0.4627347982733838, 0.27828925786113484, 0.5997706856166598, 0.12505742212428658, 0.40090540605141906, 0.5984444179058099, 0.6316498090337599, 0.16795094694791812
234, 0.4628796950765295, 0.27770279389497804, 0.5997229854069842, 0.12479204345155506, 0.40112871686382917, 0.5971740499766963, 0.6315265929989222, 0.16760224661834044
235, 0.4629653145701941, 0.27711440207313265, 0.5997006491225413, 0.1245267141552574, 0.4011307082972696, 0.5959021131025617, 0.6313886423232631, 0.16725857850748468
236, 0.4630513489359662, 0.2765298171895029, 0.6001056541222762, 0.12441761189986421, 0.401478753706571, 0.5946622041937264, 0.6323345153907561, 0.16753250712903545
237, 0.46324197545540513, 0.2759613428783687, 0.6000814571294543, 0.12415540648651997, 0.4019132114861485, 0.5934438492308989, 0.6323089156444182, 0.16717915196516978
238, 0.4633868062832216, 0.2753900079762803, 0.6000319791040072, 0.12389664270651304, 0.402146222062743, 0.5922066703695141, 0.6321872525574151, 0.1668380792314037
239, 0.46355304419331567, 0.2748252406437328, 0.599980954368927, 0.12363967886256348, 0.4024699750947319, 0.590987551524306, 0.6320852967095223, 0.16649610952429547
240, 0.4637290737484411, 0.27426559179339166, 0.5999360800246355, 0.12338377765885068, 0.4028415315437312, 0.5897830150295504, 0.6320056553024671, 0.16615344241945967
241, 0.4632816229303044, 0.2737837520652654, 0.6016783743532019, 0.12605129825325373, 0.4026467261289336, 0.5885658641933673, 0.6358858970461537, 0.17636870736439592
242, 0.4634273917167154, 0.27322686888383946, 0.6016222631892147, 0.12579360808949033, 0.402886720333807, 0.58736037665636, 0.6357534331598065, 0.1760159448009644
243, 0.4635852680991922, 0.2726751548054889, 0.6015650062298659, 0.12553766656493487, 0.40317893386946646, 0.5861681969419658, 0.6356322575079816, 0.17566351326170587
244, 0.44507281884188327, 0.39664308734134757, 0.609008722788759, 0.17076148104152108, 0.3623996500930665, 0.863876051797683, 0.6429363541845873, 0.2090339979493932
245, 0.4447860973657289, 0.39585812093384926, 0.6090802908137235, 0.17041629872617078, 0.3615579280386113, 0.8622114923847071, 0.6428694420814056, 0.20860958016691564
246, 0.4450365767368503, 0.39507216615887064, 0.6091406985265282, 0.17007219980790494, 0.36214673330130637, 0.8605066011591149, 0.6430845528006638, 0.20821237106790944
247, 0.4451789551870954, 0.3942779378748894, 0.6090870816302897, 0.16972965824294173, 0.36226466432023896, 0.8587649103025824, 0.6429047842745862, 0.20780958982840278
248, 0.4442860043571902, 0.39373240336287063, 0.6093915677214379, 0.1694546982940274, 0.36009608189644704, 0.8577091885243949, 0.6430729086615236, 0.20740702716687692
249, 0.44452807302427144, 0.3929594716847283, 0.6093069419861005, 0.16911933646722416, 0.3606012691335243, 0.856022118327683, 0.6429404525622385, 0.20700063825231352
250, 0.4447637287830542, 0.3921903946767681, 0.609221347410867, 0.16878616308406846, 0.36108257759770984, 0.8543421178892768, 0.6428017346817462, 0.20659781847797765
251, 0.4448553644316607, 0.3914110408957502, 0.6091796394049129, 0.1684508909652062, 0.3610837381950154, 0.8526385428764259, 0.6426275114863557, 0.2062042594071317
252, 0.4450905498458629, 0.3906514296082801, 0.6090960841510887, 0.16812154241456517, 0.3615711822735568, 0.8509801595923955, 0.6424952908959319, 0.20580537823920353
253, 0.4451766888607188, 0.38988102476165776, 0.6096101354161156, 0.1679872760371212, 0.3619874373657736, 0.849322420848981, 0.6437156663913938, 0.20630983251123103
254, 0.44542297289415733, 0.3891325041635844, 0.6096427449714474, 0.16765706864645255, 0.3625612381373811, 0.8476980117424983, 0.6438663880901653, 0.2059172663777211
255, 0.4456608995457846, 0.388387260969184, 0.609563842363215, 0.16733273147644587, 0.3630730153447239, 0.8460735418551883, 0.6437487218112173, 0.20552166618302659
256, 0.4458751527605765, 0.3876430486216929, 0.6094787130269317, 0.16701112256389333, 0.3634852224076941, 0.8444450928003324, 0.643598022794029, 0.20513397980292225
257, 0.446113798314549, 0.38690698593318673, 0.6095212945496846, 0.16668727387078494, 0.36404445134825375, 0.8428480977246819, 0.6437699374508314, 0.2047529742085913
258, 0.44555873680993846, 0.38625894778498354, 0.6116218751404939, 0.1697378909246365, 0.3638074880876986, 0.841221662751165, 0.648467295543199, 0.2177889681492866
259, 0.44579574572273156, 0.38553134918111875, 0.6115413024282419, 0.16941483803463786, 0.3643230095661122, 0.8396369442765277, 0.6483464164394088, 0.21737679087730763
260, 0.44596241661971636, 0.3847985773886197, 0.6114643688107523, 0.16909325935524203, 0.36455423840099654, 0.8380289644912204, 0.6481616931895753, 0.21697872234519688
261, 0.4461873637430552, 0.3840778354408311, 0.611538169776169, 0.16877321039216994, 0.3650910942531427, 0.836466798494746, 0.6484029718338248, 0.21659759856798322
262, 0.4460208157958123, 0.3833536044042426, 0.6115580407785508, 0.16845112208857824, 0.364526593982868, 0.834918770668257, 0.6482821374848415, 0.21619266291532382
263, 0.446236499151116, 0.382640027770375, 0.6114676171814628, 0.1681369384017254, 0.3649577705399446, 0.833359186075888, 0.6481265101895202, 0.2157959620902117
264, 0.44644503596184176, 0.3819296164397555, 0.6113776448794171, 0.1678245381251138, 0.36536251061003816, 0.8318052546372896, 0.6479663033134331, 0.21540253927514683
265, 0.4465022961252246, 0.3812094487184566, 0.6113344925663972, 0.16750905615222092, 0.3652958922927376, 0.8302350329559135, 0.6477852213260414, 0.21501586666258365
266, 0.44670846389985935, 0.38050701629218125, 0.6112456903764295, 0.16720014236837494, 0.36569713917580016, 0.828698713719146, 0.6476276826038156, 0.21462664317389799
267, 0.4469425580566508, 0.37981297784838175, 0.6112173246079066, 0.16688738100040285, 0.36623459170049283, 0.827191832555517, 0.647632366355755, 0.21422435720255933
268, 0.4471694201948521, 0.37912183258085036, 0.6111479097457743, 0.16657959457720514, 0.36673974057934855, 0.8256883805261567, 0.6475363021189676, 0.21383007295127748
269, 0.4473063268549337, 0.37842312615199825, 0.6110840777326163, 0.16627296249201237, 0.36688304930070037, 0.8241555539613478, 0.6473568959208599, 0.21345245608691565
270, 0.4474271159755808, 0.37772688771580537, 0.6110283752806819, 0.16596727846528425, 0.3669695108916124, 0.8226291464522179, 0.6471764686826904, 0.2130773569990022
271, 0.4476331020218322, 0.37704452290964824, 0.61094289706325, 0.16566673688227604, 0.3673869373949079, 0.8211386251365805, 0.6470318871925242, 0.21269713017730027
272, 0.44782760362424284, 0.3763644083958947, 0.610857694786588, 0.16536787039622292, 0.36775945511225494, 0.8196507301176065, 0.6468780637378705, 0.21232088383022588
273, 0.4473059050628123, 0.3757729805309189, 0.6128152887254442, 0.16819248926886135, 0.36753104647211376, 0.8181568332712232, 0.6512562444279218, 0.2238947335729786
274, 0.44751313876917265, 0.37510226495274607, 0.6127251252563068, 0.16789189768089768, 0.3679552684197155, 0.8166925609843149, 0.6511029401039639, 0.22350014723268158
275, 0.447722742029179, 0.37443571461622127, 0.6127840165533889, 0.16758919685098808, 0.3684541730264471, 0.8152481419996541, 0.6513064216257167, 0.22311883812038844
276, 0.44793742840342304, 0.3737737290887434, 0.6127044093314828, 0.16729052659525684, 0.3689217092889373, 0.8138068366072837, 0.6511832542323843, 0.22272363616855517
277, 0.44808313174682257, 0.37310628942479, 0.6126293679940454, 0.1669929386984089, 0.36911085757378587, 0.8123426208170136, 0.6509989274899057, 0.22234233336084977
278, 0.4482265061748682, 0.3724422747097755, 0.6128800354444711, 0.16674452009008595, 0.36953830493051143, 0.8109114635294644, 0.6516283427848701, 0.22218915990650193
279, 0.448440104651831, 0.3717912740351339, 0.6128082651373661, 0.16644972810908334, 0.3700132882828897, 0.8094956533466852, 0.6515239162612673, 0.22179744819006503
280, 0.4486365360980179, 0.3711412704600402, 0.6127193357055183, 0.1661588703209162, 0.3704093964818614, 0.8080759191897923, 0.651369400217754, 0.22141606979537912
281, 0.4488256377246856, 0.3704938009596104, 0.6126303295262917, 0.16586963713443612, 0.3707774144566068, 0.8066602863317074, 0.6512089774920042, 0.22103804067940552
282, 0.4490306810909573, 0.36985228527605096, 0.6125509963490271, 0.16558062136685767, 0.37122079903538785, 0.8052630685650173, 0.6510836331677067, 0.22065578535323166
283, 0.44921430215381336, 0.36921113420670904, 0.6124632891025792, 0.16529437927570387, 0.3715719318979524, 0.8038607097878583, 0.6509228125042096, 0.2202821445470279
284, 0.4494225924448218, 0.36857719759103175, 0.6124701351353923, 0.16500315161296406, 0.3720536108166223, 0.8024851255816894, 0.6510040350492285, 0.2198982270169215
285, 0.44936402554156624, 0.3679313265286488, 0.6124511046323273, 0.16471373024312133, 0.37174375123521725, 0.8010930390245609, 0.650849797879799, 0.2195274900241429
286, 0.4492931581861858, 0.3672894751870162, 0.612436000593343, 0.16442571473236106, 0.37140799206949104, 0.7997113886314037, 0.650700432675614, 0.21915787141840845
287, 0.449439365525098, 0.36665737686964267, 0.6123599463316676, 0.16414404805731594, 0.37162071474380937, 0.7983250531022598, 0.6505268044104051, 0.21879543428591583
288, 0.4491935877764749, 0.3660439473655343, 0.6124043819336289, 0.16386055713622688, 0.3709018916354339, 0.7970309018599319, 0.6504387161995933, 0.2184203487895634
289, 0.44940053918056333, 0.3654269820781805, 0.6123951492787411, 0.16357689073904488, 0.3713797485625017, 0.7956920868423675, 0.6504827343623465, 0.21804341108223743
290, 0.4495670878072819, 0.3648073788234583, 0.6123120930971173, 0.16330072231097267, 0.3716761013364458, 0.7943349959119396, 0.6503201961973664, 0.21768468704254382
291, 0.4497026264984532, 0.3641873369140678, 0.6125423141119748, 0.16306703160634395, 0.3720793066477917, 0.7929987119367999, 0.6509009668277207, 0.21753527933719513
292, 0.44989533051982805, 0.3635780548973718, 0.6124630166904104, 0.16279318797303285, 0.37249160951196997, 0.7916709163639053, 0.6507728114738328, 0.21717347170934406
293, 0.45009145278174534, 0.3629725560844596, 0.6124877621898956, 0.16251569656994239, 0.3729519082960983, 0.7903579273007225, 0.6508935953263437, 0.21681237594180683
294, 0.45026067021540456, 0.36236630676736437, 0.6124039818488286, 0.1622454119902942, 0.3732679883933181, 0.7890311861915053, 0.6507363599734404, 0.21646006645601523
295, 0.4503974171338959, 0.3617592038775058, 0.6123310473291775, 0.16197501404606116, 0.3734602523767867, 0.7876996084301308, 0.6505667115831971, 0.2161124510190059
296, 0.45059597009925056, 0.36116370806034426, 0.6122978986710781, 0.1617021784526511, 0.37391849082251016, 0.7864072947551207, 0.6505517103817463, 0.21574724120838734
297, 0.45071866237360225, 0.36056135472081896, 0.6122312593335554, 0.16143379433917765, 0.37406218188837814, 0.7850861527496779, 0.650381002831557, 0.21540374734442191
298, 0.4508468873039531, 0.35996266056835946, 0.6121621248900133, 0.16116710862851163, 0.3742287152375802, 0.7837730417676491, 0.6502128475409088, 0.215061553553423
299, 0.45103109106851125, 0.35937428058097787, 0.6122081055287732, 0.1608993305665132, 0.3746691670692499, 0.7824982279183532, 0.6503802074630396, 0.21472105486997242
300, 0.4512186258608155, 0.3587894780854331, 0.6122341804862411, 0.1606315739592155, 0.3751112416082184, 0.7812303748868715, 0.6505018953141711, 0.2143732147567094
301, 0.4513781585365676, 0.3582036442241067, 0.6121535319212251, 0.16037060581691423, 0.37540471430755257, 0.7799481343858135, 0.6503482476277027, 0.2140333622646958
302, 0.4515438414096501, 0.3576216525535883, 0.6120725966159852, 0.16011102883959996, 0.37572563920820584, 0.7786756651726199, 0.6502012195467196, 0.21369393366952344
303, 0.45169836039233296, 0.357041127939295, 0.6119936243493385, 0.15985249221476963, 0.37600361028878665, 0.77740466825295, 0.6500478007966776, 0.21335767074001097
304, 0.45082768282076424, 0.356775459322625, 0.6122803035337526, 0.1596673604154373, 0.37392444472498093, 0.7769683687548277, 0.6502093017690941, 0.21302501477167257
305, 0.45101201805533586, 0.35620460137870746, 0.61221037382451, 0.15941005865959493, 0.3743308507656162, 0.775725968552182, 0.6501026226037049, 0.21268364021042763
306, 0.4511842588694303, 0.35563481312980233, 0.6121312028234916, 0.15915537760427517, 0.3746831462250775, 0.7744818439850665, 0.6499672017920778, 0.21234900408409205
307, 0.45135922880846, 0.35506832301313385, 0.6120542550215545, 0.15890165662349334, 0.3750504001884212, 0.7732461319368302, 0.6498395171617339, 0.21201464232947514
308, 0.4492263393850855, 0.35645587963333614, 0.6128492482564675, 0.15925383884407335, 0.37020757680605654, 0.7766391489909326, 0.6505118309741138, 0.21199771726656708
309, 0.4493964729609759, 0.35589114815874595, 0.6127678879413365, 0.15900234909626568, 0.3705432182916508, 0.775403807289438, 0.6503687958587797, 0.21166928640202975
310, 0.4495867418431943, 0.35533240774754443, 0.6127107977827412, 0.15874885862559776, 0.37097812278864845, 0.7741898925007054, 0.6502966367160302, 0.21133141527910657
311, 0.44975513737055745, 0.35477306320185376, 0.6126304179100549, 0.1584997482759896, 0.37131128516327094, 0.7729664702164529, 0.650155733963621, 0.21100596508072805
312, 0.4499102763565449, 0.35421462636916184, 0.6125520920414251, 0.15825156679832994, 0.3715927820224428, 0.771742714224235, 0.6500065113461603, 0.210683978690157
313, 0.4500956247220419, 0.3536634894247487, 0.6125660017081391, 0.15799875756109388, 0.3720283460247899, 0.7705473217585126, 0.6501014936604173, 0.2103538441915796
314, 0.45028399815051273, 0.3531156089301058, 0.612542632664854, 0.15774750834671578, 0.3724653413599398, 0.7693582034778514, 0.6501093617961001, 0.21001866486064016
315, 0.4504275442767667, 0.35256383835247584, 0.6124678116381697, 0.15750249686016968, 0.3727074252852027, 0.7681480073876001, 0.6499576328015216, 0.20970227350276147
316, 0.4506085342111536, 0.35202019865768935, 0.6124038848366039, 0.15725717957345217, 0.3731132240665032, 0.7669654372886489, 0.6498660424599061, 0.20937651360930698
317, 0.45072655103200354, 0.35147078440367424, 0.6126237273227091, 0.1570575721904815, 0.373475705588125, 0.7657818671948794, 0.6504200546943368, 0.2092778591146518
318, 0.45090859572290887, 0.35093269048452425, 0.612572748845482, 0.15681305866077078, 0.37389493272819413, 0.7646132927119184, 0.6503599667740586, 0.20895128558673623
319, 0.45097716839219276, 0.3503843413044883, 0.612526411969773, 0.15656925769596716, 0.3738907395580185, 0.7634139022352326, 0.6501977225263768, 0.20864357961702387
320, 0.4511413025458835, 0.349848719862839, 0.6125965242532194, 0.15632944231699725, 0.3742957688018161, 0.7622544622374863, 0.6504179415660797, 0.20835444734217345
321, 0.4512952528326542, 0.34931421513604716, 0.6125191696042835, 0.1560918822509866, 0.3745901774840014, 0.7610844457457762, 0.6502771047724255, 0.20804490951325394
322, 0.4514741673570211, 0.3487861104319657, 0.6125132944775243, 0.15584935062397484, 0.37500730652808456, 0.7599384678265164, 0.6503235610110113, 0.20772327475846
323, 0.45157337559288546, 0.3482503255346415, 0.6124566433223322, 0.15561123126912066, 0.37509556576249453, 0.7587628334471943, 0.6501652659846565, 0.20742092282108607
324, 0.4516586865675586, 0.34771586720959896, 0.6127463783894382, 0.1554581383508999, 0.37541691936010096, 0.7576130121943246, 0.6508714965581597, 0.20748915835652115
325, 0.4504547662378129, 0.3478561747013724, 0.6131678951760903, 0.15540411583142177, 0.37261970977568415, 0.7581203672878257, 0.6511757052889079, 0.20724205129812232
326, 0.45061405795669335, 0.34733411452986646, 0.6130898872029562, 0.15517195564827688, 0.37293801678330274, 0.7569784633916694, 0.651039989297895, 0.2069384152972764
327, 0.4504935840086793, 0.3468094375717804, 0.6130921303306076, 0.15493451328069205, 0.37252012299666076, 0.7558577785581557, 0.6509261770674578, 0.20663197172142414
328, 0.4506586237902893, 0.34629322161853965, 0.6129269092288393, 0.15472700082482108, 0.3728544302816602, 0.7547288884834513, 0.6506666959752567, 0.20637009402015005
329, 0.45082027541069, 0.34577893365732515, 0.6127726783927929, 0.1545169235401996, 0.37317766684007536, 0.7536037489750982, 0.6504210884849025, 0.20610422844479634
330, 0.4509844288095022, 0.34526746729204766, 0.6126045582060407, 0.15431276262396432, 0.37351217472913867, 0.7524855205329292, 0.6501587183989401, 0.20584673085885388
331, 0.4511558813782861, 0.3447595897482882, 0.6124228108545576, 0.15411485466798094, 0.37387764435911713, 0.7513773073134851, 0.649900699079357, 0.20558898628621325
332, 0.4513186712006858, 0.3442527223351846, 0.6122538654413605, 0.15391327326667595, 0.37421047180224176, 0.7502692973718331, 0.649637918751299, 0.20533479553690995
333, 0.4514788608759541, 0.34374782981428226, 0.6120931837725082, 0.1537098839904042, 0.3745350863542762, 0.7491652691431204, 0.6493856377826938, 0.20507777763030663
334, 0.45163951497043625, 0.34324537140885625, 0.6119271256766816, 0.15350951859873835, 0.3748632067500714, 0.7480668868730412, 0.6491270665679464, 0.2048249010794024
335, 0.4518004828933751, 0.3427453070015335, 0.6117560980836795, 0.15331209394125578, 0.37519427854545273, 0.7469740401004451, 0.6488627068583778, 0.20457602130347913
336, 0.4518855571989586, 0.3422384315823384, 0.6116757652804667, 0.1530908418647303, 0.3754733764670969, 0.7458791363096916, 0.6488786893731194, 0.20427157531145468
337, 0.4520430857707004, 0.3417424815344019, 0.6115146347241267, 0.15289206660824445, 0.3757939167982972, 0.7447948448667768, 0.6486266444888412, 0.2040205940615139
338, 0.45220080748552793, 0.3412488542732544, 0.6113493032048498, 0.15269589400493513, 0.37611688671395227, 0.7437158944938356, 0.648369749310366, 0.2037731435695767
339, 0.4523531535255014, 0.34075667662514203, 0.6112042264858091, 0.15249383971349115, 0.37642101018366164, 0.7426392064529003, 0.6481381019722543, 0.20351693566528
340, 0.452503959675554, 0.3402665239678034, 0.6110625949743548, 0.15229174667960524, 0.37672092167467447, 0.7415668452194197, 0.6479110096237893, 0.20326043550168435
341, 0.45265468917133217, 0.3397786004106594, 0.6109185349076401, 0.15209147978603668, 0.3770221159940859, 0.740499532321804, 0.6476812348207012, 0.2030063980565908
342, 0.45281023308504925, 0.3392936424257081, 0.6107498454756102, 0.15190090475886975, 0.37734335737697067, 0.7394399334459918, 0.647421458536519, 0.20276614079320193
343, 0.4528606785219049, 0.33879996865058315, 0.6109084842772668, 0.15170768249938668, 0.3772976045416024, 0.7383617306796115, 0.6475654718522734, 0.20248786302424926
344, 0.45300676924010375, 0.33831798753765774, 0.6107751994185296, 0.15150712710003078, 0.3775859113006449, 0.7373070838280458, 0.6473498790383091, 0.20223275569359728
345, 0.45316103060684093, 0.3378394312658752, 0.6106027901851282, 0.1513211829926305, 0.3779069917263498, 0.7362618315210177, 0.6470864348185046, 0.20199855662139837
346, 0.45330752844652705, 0.3373618446751754, 0.6104627689344612, 0.15112473323142747, 0.3781998232102813, 0.7352172188596064, 0.6468631372185173, 0.2017490774548463
347, 0.4534536335143343, 0.3368863440422533, 0.6103217108407928, 0.15092962583186476, 0.37849267104273937, 0.7341772722535799, 0.6466388557236651, 0.20150135481449497
348, 0.45358637006233726, 0.3364110506219929, 0.6102273269831251, 0.1507228717908349, 0.3787376511534343, 0.7331358639896367, 0.6464723791249826, 0.20123552918867163
349, 0.453730548301274, 0.3359395076201742, 0.610088940776998, 0.15052891997236234, 0.37902618279070094, 0.7321045591004445, 0.6462519667980823, 0.2009890817150798
350, 0.4538721407607306, 0.3354696794274794, 0.6099583722220017, 0.1503335148194717, 0.37930644583529977, 0.7310766959683085, 0.6460414695169445, 0.20074026989610724
351, 0.4540163121010336, 0.3350023196699681, 0.6098147482955733, 0.15014325653474006, 0.3795978818580073, 0.7300548932353437, 0.6458151764686847, 0.20049881211773848
352, 0.4541628514926541, 0.3345373911055132, 0.6096575106629563, 0.1499587706192384, 0.3798998922934049, 0.7290391030719671, 0.6455724137727208, 0.20026546256456423
353, 0.4543099862807198, 0.33407461136293, 0.6094940354079325, 0.1497776199809268, 0.3802057456383732, 0.7280283524690242, 0.6453222629614945, 0.20003666312033183
354, 0.4544445440237129, 0.33361200000678837, 0.6093809213499811, 0.14958101819405573, 0.3804654063317474, 0.7270157054678804, 0.6451343885706656, 0.19978511099853855
355, 0.45458329020679394, 0.3331520203223712, 0.6092495958208249, 0.14939062728500832, 0.38074201756563114, 0.7260096717413261, 0.6449243495558538, 0.19954266140351268
356, 0.45472659174477986, 0.3326947373640977, 0.609095706173492, 0.1492088364174068, 0.3810374257659323, 0.7250106432901033, 0.644686809184542, 0.19931246441816816
357, 0.4548620960784438, 0.33223828905173153, 0.6089725068553039, 0.14901784503407317, 0.3813046092450289, 0.7240120610149278, 0.6444873205700674, 0.1990687066070498
358, 0.4550026776555438, 0.33178457736032174, 0.6088256204721214, 0.14883545212615623, 0.38159239233929987, 0.723020610607101, 0.6442589324443374, 0.19883731480987635
359, 0.4551389094796798, 0.33133218619302957, 0.6086949330182349, 0.14864858376194437, 0.3818649909376532, 0.7220313384373036, 0.6440507508242286, 0.198599255853386
360, 0.4552698362211023, 0.3308809819960827, 0.6085825700334945, 0.14845725005733065, 0.38211909063336713, 0.7210438934621425, 0.6438654066539258, 0.19835432130464137
361, 0.45540790497194034, 0.33043276481013156, 0.6084389681304261, 0.14827652355580154, 0.38240139925270533, 0.7200644481776008, 0.6436418495076, 0.19812481275167254
362, 0.4555318550270131, 0.32998445427040884, 0.6083475011823529, 0.14808177818606627, 0.38263242886973386, 0.7190825941513301, 0.6434827755913844, 0.19787405447713421
363, 0.45567412538678104, 0.32954073422574615, 0.6081879975665712, 0.14790880473600998, 0.38293413108421065, 0.7181143821043579, 0.6432490702767276, 0.1976513358560012
364, 0.4558095400004049, 0.32909787027377096, 0.6080484948871193, 0.14772940523916395, 0.3832103180490975, 0.717146588323604, 0.6430313028245008, 0.19742325262663582
365, 0.4559463783215609, 0.3286571113991615, 0.6078995929309016, 0.14755424760585728, 0.3834933480757723, 0.7161838791419224, 0.6428022270710602, 0.19720106093441786
366, 0.4560794699589327, 0.32821766855241286, 0.6077653423617736, 0.14737485342454, 0.38376329025609074, 0.7152234104544515, 0.6425914267275786, 0.19697265238578995
367, 0.4562140725762421, 0.3277803158672404, 0.6076216763982075, 0.14719959526257084, 0.38404034618661675, 0.7142679936279602, 0.6423692897240643, 0.1967500159235136
368, 0.45633940726241956, 0.32734346525814156, 0.6075140216170566, 0.1470139263294576, 0.3842836612529706, 0.713312090597276, 0.6421917418544115, 0.1965119488332471
369, 0.4564723038986153, 0.3269095503870426, 0.6073731007454575, 0.14683947174233627, 0.3845567546757613, 0.7123641512135045, 0.641973472867751, 0.1962901553337715
370, 0.4566055129372067, 0.32647750989271895, 0.6072279814221117, 0.1466674000695102, 0.384832364254751, 0.7114205455586158, 0.6417502841823863, 0.19607159785501213
371, 0.45508440157604063, 0.3273474682418634, 0.6080238337966516, 0.14726742750002536, 0.3831045267679736, 0.7112380728336996, 0.6441140667020331, 0.20101694390596678
372, 0.4552196619595498, 0.32691757034855085, 0.6078823881603634, 0.14709458689765523, 0.3833788261778675, 0.7103011141238323, 0.6438920327752494, 0.20079212768543916
373, 0.4553465805979676, 0.32648822596386173, 0.6077732476637059, 0.14691235847962897, 0.383622869617699, 0.7093639453042775, 0.6437100348280045, 0.2005535106541087
374, 0.4554449519249165, 0.3260569873295014, 0.6077557368934323, 0.14671620989247733, 0.38376602921314906, 0.708420358496428, 0.6436412437505906, 0.20028961797867445
375, 0.45557427330256345, 0.3256315586857232, 0.6076331457260681, 0.14653963701390477, 0.3840215081450463, 0.707492419305379, 0.6434431819219701, 0.2000590580512472
376, 0.45570143939949337, 0.3252075734263952, 0.607517086297818, 0.14636189751465065, 0.38427010995874034, 0.7065673792029046, 0.6432534158409784, 0.19982663756291158
377, 0.4558326268667271, 0.32478593937787864, 0.6073818425184907, 0.14619117843039917, 0.3845352052523675, 0.705648388114909, 0.643040277626655, 0.19960423099961716
378, 0.45595812023550064, 0.3243651960211725, 0.6072683014301447, 0.1460143193736958, 0.38477994793535647, 0.7047303944841625, 0.6428541083701637, 0.1993728009432022
379, 0.4560853032813332, 0.323946428377291, 0.6071458971835678, 0.14584097909524565, 0.38503224969239447, 0.703817151084823, 0.6426572667391783, 0.1991463783192636
380, 0.4554592505535793, 0.3237493987604937, 0.6085961614719072, 0.1483602257374553, 0.3831187049602013, 0.7038769591338395, 0.6443997764250954, 0.20175650258036168
381, 0.4555797217339517, 0.32333278019609946, 0.608498940963926, 0.14817751941690124, 0.3833466787606133, 0.702966676483345, 0.6442344411949965, 0.2015173313694795
382, 0.4556849656736998, 0.3229158267952622, 0.6084505055353007, 0.14798646266492277, 0.3835210497258043, 0.7020542104787053, 0.6441294813641376, 0.2012638200384399
383, 0.4558154378466716, 0.3225040719953024, 0.6083088273478424, 0.14781908120439893, 0.38378895562967946, 0.7011566434875104, 0.6439098723478316, 0.20104672508944976
384, 0.4559472568101844, 0.32209420222047563, 0.608157460520042, 0.14765620115148426, 0.38406339733924116, 0.7002636814209361, 0.6436785829033861, 0.20083578944451885
385, 0.4560664015047685, 0.32168409887874433, 0.608058109514976, 0.1474771662569683, 0.3842909299205575, 0.6993678698048457, 0.6435115639003552, 0.20060149516947468
386, 0.45619361838210765, 0.3212768366268317, 0.6079244631844574, 0.14730935235436984, 0.3845499198002812, 0.6984798516029599, 0.6433025366234848, 0.20038345801942803
387, 0.4563100020664479, 0.3208696291722308, 0.6078316285699004, 0.14713021264565707, 0.3847694809327754, 0.6975901765615938, 0.6431440086028533, 0.20014863220410534
388, 0.45641513333717076, 0.32046254439545635, 0.6077748953413116, 0.1469447279943222, 0.38494952841066177, 0.6966996436950884, 0.643030208836827, 0.19990307827376513
389, 0.45654108925663456, 0.32005999018326364, 0.6076401411818805, 0.14677973392750757, 0.3852072039313474, 0.695822078709524, 0.6428205046906267, 0.19968869572349854
390, 0.45666689777010894, 0.319659024221298, 0.6075036980807246, 0.14661613289769207, 0.3854654866309854, 0.6949480973746289, 0.6426089490497944, 0.1994761643332946
391, 0.4567893257766816, 0.31925914640791675, 0.6073803880780221, 0.14644877189699568, 0.3857119397199899, 0.6940759128174753, 0.6424137761501372, 0.1992581983206814
392, 0.4569147782209404, 0.3188613176813764, 0.6072407501037707, 0.14628791629095117, 0.38597119249280976, 0.6932090020853343, 0.6421987392385778, 0.19904930168149418
393, 0.4570196158898943, 0.3184621478414367, 0.6071779040131855, 0.14610697926150573, 0.3861551012234685, 0.6923360702182134, 0.6420785134714715, 0.19881014743120703
394, 0.4571420748185611, 0.31806701599574216, 0.6070480785091368, 0.1459441414887205, 0.38640504180363017, 0.6914746656894756, 0.6418759812898526, 0.1985982800446726
395, 0.45439918314432154, 0.3222960592195826, 0.6085056002114492, 0.1486027279389614, 0.3831594068369794, 0.6935972844449095, 0.6460255539675127, 0.21476892965549893
396, 0.4545058303029362, 0.321895840906268, 0.6084520918097011, 0.14841878965338404, 0.3833356722431859, 0.6927298348150005, 0.6459114373758073, 0.21450957565547682
397, 0.4545854287851394, 0.3214940770632064, 0.6084790837624753, 0.14823271954136036, 0.38341864403017134, 0.691858799200316, 0.645896813821567, 0.21423943975803122
398, 0.4545378331109599, 0.3210913364653544, 0.608480110803624, 0.14804638182536906, 0.38349498518247876, 0.6909907574026783, 0.6460830313595902, 0.2140022928541766
399, 0.4546660805645487, 0.3206989200455588, 0.6083433940827524, 0.14788589762480445, 0.38375272658947823, 0.69014346623381, 0.6458665387488448, 0.2137775849500478
400, 0.45477374955037575, 0.32030501600300426, 0.6082819939203933, 0.14770601660561616, 0.38393554896445664, 0.6892899209763271, 0.6457430723643719, 0.21352443893568027
401, 0.45489741905546016, 0.3199149454131203, 0.6081616360935986, 0.14754136739356327, 0.3841780500297726, 0.6884470048426368, 0.645547189159351, 0.21329401455132818
402, 0.45502047424423764, 0.31952629547063244, 0.6080418730224284, 0.14737725851378897, 0.3844193482475464, 0.6876071723399176, 0.6453522755238872, 0.2130643122937605
403, 0.4551434281676178, 0.31913913616935347, 0.6079205293647817, 0.14721440000047573, 0.3846613860827114, 0.6867706775624817, 0.6451556514629909, 0.21283631444616707
404, 0.45526230799891193, 0.31875285122121544, 0.6078139080675423, 0.1470476696548009, 0.3848891563709341, 0.6859354274371464, 0.6449773928461382, 0.2126028587697681
405, 0.4553804161751055, 0.3183679368792089, 0.6077085277199529, 0.1468812902048338, 0.3851151123271606, 0.6851031240496182, 0.6448008946844473, 0.21236985644388348
406, 0.4555029498472646, 0.3179851781238518, 0.6075828106388111, 0.14672210514977085, 0.3853589067060208, 0.684276470027548, 0.6445995849214636, 0.21214684231453496
407, 0.4553560764455681, 0.31760808065938867, 0.6076389620941061, 0.14654611368371712, 0.38530786200764405, 0.6834360924743043, 0.6449290423681087, 0.2119900240430163
408, 0.4554753044759446, 0.3172277354711205, 0.6075259637241153, 0.1463841644228732, 0.3855394594269897, 0.6826140249005842, 0.644743094004373, 0.21176330313132358
409, 0.45544073732120527, 0.3168404585045303, 0.6078627817256231, 0.14636330729366884, 0.38524448799044037, 0.6818050565588945, 0.6451119630463019, 0.2116354614100062
410, 0.45551606511440346, 0.3164574986408393, 0.6078887901510136, 0.14618565276265738, 0.3853220106696999, 0.6809748841285242, 0.6450978234620472, 0.21137740524154894
411, 0.4556360049210964, 0.3160816095191141, 0.6077676309799782, 0.1460283121756726, 0.3855593728846488, 0.6801629242445457, 0.6449025069364179, 0.21115713792466007
412, 0.45575638317545264, 0.3157072148532339, 0.6076424568474061, 0.14587306058531063, 0.38579949773706096, 0.6793544242768136, 0.6447024742192171, 0.21093970841021192
413, 0.4558739902430797, 0.31533380695029534, 0.6075275242212773, 0.1457150275063119, 0.38603009842332664, 0.6785476069091005, 0.644515269545967, 0.21071844231653666
414, 0.4559912986123361, 0.314961761257095, 0.6074120050569439, 0.14555786982891333, 0.3862606084261116, 0.6777437992179379, 0.6443275634379317, 0.21049836474820371
415, 0.4561103152575329, 0.3145913810142945, 0.6072868942270684, 0.1454046782529133, 0.38649871346808173, 0.6769440843821145, 0.6441282727743695, 0.2102836995014159
416, 0.4562258141315201, 0.3142218482065237, 0.6071753586659387, 0.14524758093210233, 0.38672441918174394, 0.6761455940379041, 0.6439459083851597, 0.21006365606524816
417, 0.45621463670341766, 0.31384494005141894, 0.6074398453516149, 0.14517357993398788, 0.38651368169618017, 0.6753480593090045, 0.6442273561585281, 0.20989014418336882
418, 0.45633039474838927, 0.3134782153034985, 0.6073239805347962, 0.14501912581068482, 0.38674230239915147, 0.674555898619582, 0.6440400903429925, 0.20967380414364
419, 0.4564561589094602, 0.313114470400568, 0.6072171575967751, 0.14486243292010112, 0.38701642617625936, 0.6737737679617876, 0.643919092720468, 0.20943805758584838
420, 0.45657296875383513, 0.31275063303847306, 0.6070924986749354, 0.14471237364255518, 0.38725112155886515, 0.6729883254339896, 0.6437213005134702, 0.2092277543064909
421, 0.4566965594963677, 0.31238924278829666, 0.6069742050690211, 0.1445607333165658, 0.3875155571760799, 0.6722104221466096, 0.6435667193119301, 0.2090031282523275
422, 0.456817822216778, 0.31202881398803256, 0.606846347339527, 0.1444131818422667, 0.3877704085931384, 0.6714338543331096, 0.6433839467117952, 0.2087890296294243
423, 0.45683790338093233, 0.31166004037144485, 0.6068133418099052, 0.14424397320632615, 0.38791843551889277, 0.6706466216927448, 0.6434619851115829, 0.20854824973168665
424, 0.4569464479453428, 0.3113003046211797, 0.6067171721738316, 0.14408735005291726, 0.38812505222238397, 0.669868776913511, 0.6432995927467848, 0.20832894942253025
425, 0.4570577071027513, 0.31094229310808585, 0.6066086155310102, 0.14393509403036578, 0.38834280879312444, 0.6690952562135384, 0.6431221490624522, 0.20811578858199498
426, 0.457164784819494, 0.31058496774303823, 0.6065150505903205, 0.14377899612460388, 0.3885458180236851, 0.6683225758740049, 0.6429633777074761, 0.2078971457608089
427, 0.45726564643507545, 0.31022805675305765, 0.6064423751406163, 0.14361837147672527, 0.38872690580758906, 0.6675500015364385, 0.6428305542805168, 0.2076716592868513
428, 0.4573784893854501, 0.3098742022504006, 0.6063213399718701, 0.14347229636983347, 0.38895363516109327, 0.6667861574405317, 0.6426383672010668, 0.20746692377293308
429, 0.45749088076035554, 0.3095215664287121, 0.6062005102564465, 0.14332678220686146, 0.3891795960896103, 0.666024969710123, 0.6424466348727769, 0.20726293943983456
430, 0.4576034178323181, 0.3091702348621718, 0.606076953035726, 0.14318289830579284, 0.3894071038027332, 0.6652667602423342, 0.6422517500684235, 0.20706114403458137
431, 0.4577165342787399, 0.30882026862145984, 0.6059482420101467, 0.14304159903568905, 0.3896378744105454, 0.6645117715548872, 0.6420507264689181, 0.20686279874388674
432, 0.4577029841450698, 0.30846275894065694, 0.6062044496134255, 0.14297491986092184, 0.3894300409288886, 0.6637562391814918, 0.6423244015087906, 0.20670133646144379
433, 0.4578133214460774, 0.3081148952559169, 0.6060862823116729, 0.14283084464608564, 0.38965178305728476, 0.6630053530797765, 0.6421367349418539, 0.20649935572156355
434, 0.4579222592497646, 0.3077680677548684, 0.605972799488663, 0.14268574000907594, 0.38986907027090095, 0.6622565164695263, 0.641955025958064, 0.2062959702836911
435, 0.45803128065848514, 0.30742249765118307, 0.6058571442828495, 0.14254200375809967, 0.390087607710502, 0.6615105308822179, 0.6417708379135656, 0.20609443554340495
436, 0.4581381589483903, 0.3070778374088763, 0.6057494079121999, 0.14239617447976446, 0.39029884385890307, 0.6607661700693599, 0.6415965866123665, 0.20589003122652927
437, 0.4582462151032982, 0.306734587020371, 0.6056346632923576, 0.14225333501084841, 0.3905155047049033, 0.6600252163476714, 0.6414139019497619, 0.2056896982933978
438, 0.45835238574819, 0.3063922720391693, 0.6055267453294493, 0.14210876049671922, 0.39072583368533714, 0.6592859939353223, 0.6412398068816972, 0.20548698955149855
439, 0.4584579315011639, 0.3060510783943748, 0.6054199360633495, 0.1419644130065604, 0.39093466550655326, 0.6585491734941024, 0.6410672644911928, 0.20528457864594918
440, 0.45846483655914483, 0.30570312948277373, 0.6056111108754635, 0.14185955992648433, 0.39080170565801614, 0.6578062954916786, 0.6412622745469763, 0.2050918725919931
441, 0.4585653275513865, 0.30536360611911123, 0.6055220593534707, 0.14171094192159764, 0.39099314915891525, 0.6570723315089836, 0.6411119738912313, 0.2048834686144148
442, 0.45867149428947446, 0.3050261246346521, 0.6054077129416521, 0.1415709108938971, 0.3912069446286416, 0.6563439721623437, 0.6409307128650138, 0.20468696561273644
443, 0.4587679775536094, 0.30468840904891065, 0.6053308558551711, 0.14142026533292673, 0.3913852080912089, 0.655613471134175, 0.6407958051037465, 0.204475483304286
444, 0.45885931157984916, 0.3043511691691286, 0.6052615989303946, 0.1412684393479725, 0.39161253294332377, 0.6548922299698808, 0.6407633562145857, 0.20424623020060684
445, 0.45896503001697103, 0.3040171705834605, 0.6051440657091993, 0.14113135271458624, 0.39182709904818075, 0.6541716060218078, 0.640578514954126, 0.20405378553243905
446, 0.4590633039157824, 0.30368322894421806, 0.6050569420836471, 0.14098502466111187, 0.3920142125503809, 0.6534497397663133, 0.6404312874484454, 0.20384855789601325
447, 0.459127845816966, 0.303346410663252, 0.6050024802061633, 0.14083193172897587, 0.3922071409669954, 0.6527311188790711, 0.6404373999747554, 0.20362045262389017
448, 0.45923077885640284, 0.30301548024434255, 0.6048934338177622, 0.1406935564289319, 0.3924132172453382, 0.6520167746055179, 0.6402632812303877, 0.20342638240154642
449, 0.4593305801706063, 0.3026852295734425, 0.6047964980079024, 0.14055177101574073, 0.3926081821705524, 0.6513033664977315, 0.6401042476810026, 0.203227602115671
450, 0.4594286113070953, 0.30235586121185226, 0.6047053385331542, 0.14040880311339551, 0.3927972866623187, 0.6505916336188305, 0.6399525050016247, 0.20302713081216653
451, 0.4585542293009277, 0.3025895049902776, 0.6051585265046402, 0.14058214517013196, 0.39183074361758713, 0.6501933196712193, 0.6413377619445989, 0.20491983914210166
452, 0.4586409564588447, 0.302260208258242, 0.6051110842732085, 0.1404301621207969, 0.3919748292126447, 0.6494808891709551, 0.6412383317287217, 0.2047039234119986
453, 0.45873847637414134, 0.3019335219045497, 0.6050251928382443, 0.1402869615816297, 0.39215890830849587, 0.6487754307270646, 0.6410916924347037, 0.20450162105183148
454, 0.4588399661623597, 0.3016085479467807, 0.6049217824286294, 0.14014965884172584, 0.39235875942598325, 0.6480744856730624, 0.6409236570964649, 0.2043075801718302
455, 0.4589425317269718, 0.3012848537340271, 0.604811851843015, 0.14001515729548464, 0.3925635834391195, 0.6473766349495642, 0.6407477791515925, 0.2041173465649216
456, 0.4590475323321613, 0.30096265031396485, 0.6046904773067043, 0.1398855084265102, 0.3927788439225686, 0.6466827039280935, 0.6405604371056277, 0.20393256763085088
457, 0.45911693395736347, 0.30063684205879226, 0.6046919520939293, 0.1397323805574171, 0.39286550552426225, 0.6459774369103748, 0.6405222015627313, 0.203710960745139
458, 0.45920712687480325, 0.3003146461011113, 0.6046267316537658, 0.13958671431672387, 0.39302643198927534, 0.6452810065534251, 0.640401917813976, 0.20350469321267736
459, 0.4592094696397696, 0.2999873317782503, 0.6048191740280671, 0.13949538570401607, 0.39288546723095413, 0.6445847623761052, 0.6405994948951703, 0.20332686010734966
460, 0.45922477088609104, 0.29966126049550584, 0.6049741683050551, 0.13938323859316823, 0.39278904984829116, 0.6438870590534529, 0.6407510700456651, 0.20313169145587343
461, 0.45932416029738937, 0.29934366186737976, 0.60487022635946, 0.13924982771666233, 0.3929863972539392, 0.6432022475436482, 0.6405836023088581, 0.2029430425129179
462, 0.4594227885388353, 0.29902701976822005, 0.6047682175793276, 0.13911628509353963, 0.393181622279356, 0.6425194370140167, 0.6404186848024016, 0.2027542102143004
463, 0.45952232174214397, 0.2987115831495264, 0.6046605246753339, 0.1389852476775194, 0.39338112465796676, 0.6418395212014585, 0.640246944505099, 0.20256877203850301
464, 0.4596157603934417, 0.29839629558853925, 0.6045771450952394, 0.13884699014187482, 0.39355829342943643, 0.6411588442216148, 0.6401053078062554, 0.20237331852494136
465, 0.45969899403619496, 0.29808065874258094, 0.6045283301360728, 0.13870159777755664, 0.39369897503117096, 0.6404762241122024, 0.6400064392096305, 0.2021668134675258
466, 0.45979591001861114, 0.29776799194640197, 0.6044282028080746, 0.13856951875284235, 0.39389076060885436, 0.6398020151734459, 0.6398445108066001, 0.20197996492801676
467, 0.45989323574881447, 0.2974564315004348, 0.6043247714564034, 0.1384390843985033, 0.39408489013855086, 0.6391303741819361, 0.6396786826357143, 0.2017953501870893
468, 0.45999069195599784, 0.2971459297068387, 0.604219216623478, 0.13830991162409492, 0.3942802986133075, 0.6384611425318022, 0.6395104075288538, 0.20161243936790504
469, 0.46008377462696554, 0.2968358042970329, 0.6041312709040292, 0.13817547991112794, 0.3944597930015502, 0.6377919378032778, 0.6393639718130456, 0.20142229921978552
470, 0.4601804723496797, 0.2965272480028984, 0.6040262824676574, 0.13804713170725524, 0.3946538107215306, 0.6371269293840447, 0.6391967202260517, 0.2012405049915397
471, 0.4602697028942416, 0.29621861263389365, 0.6039508174178496, 0.13791021160865408, 0.3948203683699458, 0.6364604574965623, 0.6390659843267595, 0.20104673975477141
472, 0.4603659782936221, 0.2959120320895623, 0.6038448089609315, 0.13778325186716806, 0.3950142784816806, 0.6357998110220402, 0.6388978014197653, 0.2008668187637929
473, 0.46045927571713524, 0.29560601250184365, 0.6037509795843127, 0.1376526214033812, 0.39519749183763575, 0.6351398353138361, 0.6387447629290564, 0.2006819181302277
474, 0.4605389652419587, 0.2952991131641098, 0.6037054363203962, 0.13751090891953394, 0.3953313848098351, 0.6344761852655574, 0.6386513838758162, 0.20048040311388096
475, 0.46062395068228906, 0.2949939108993366, 0.6036411058245544, 0.13737322421772796, 0.3954850546881813, 0.6338167938058811, 0.6385350036305071, 0.2002852877719186
476, 0.4607115065988966, 0.29469005879580257, 0.6035665248705205, 0.13723847503269657, 0.39564883520628363, 0.6331607316676963, 0.6384061466494724, 0.2000945025071092
477, 0.46078453424357446, 0.2943853088974773, 0.6035396359584306, 0.13709579887984008, 0.3957609312384155, 0.6325014211807024, 0.638336232107977, 0.1998904698419436
478, 0.4608759201156928, 0.2940839862369344, 0.603447682931291, 0.13696704221549635, 0.3959404379184299, 0.6318516253648481, 0.6381862849813622, 0.1997081232507953
479, 0.4609589776326662, 0.2937824610427465, 0.6033862216819527, 0.13683059389445218, 0.39608967612758905, 0.6312001611523291, 0.6380740586483202, 0.1995146386520098
480, 0.46105124786098, 0.2934832259444931, 0.6032877463867834, 0.1367049780800213, 0.3962739802334861, 0.6305552201738943, 0.6379163904114576, 0.19933657284061698
481, 0.4610804332962522, 0.2931786883847627, 0.6033869241267515, 0.1365800845902558, 0.3962371833558721, 0.6298999322308964, 0.6380025211446556, 0.1991381953864043
482, 0.4611670034019588, 0.2928805573147951, 0.6033098583625494, 0.1364487989556038, 0.39640126493026284, 0.6292564596865763, 0.6378715174417456, 0.19895226027166826
483, 0.46125540788987945, 0.2925836487860157, 0.603224508826961, 0.13632035333580197, 0.3965728795106274, 0.628616009266827, 0.6377304583656711, 0.19877032531622849
484, 0.4613469884535399, 0.2922881664168372, 0.6031239475370858, 0.1361973861166829, 0.39675730884290183, 0.6279793576432942, 0.6375708254814726, 0.1985958681790579
485, 0.4613961366469932, 0.2919886849348286, 0.6031625969864829, 0.13605956090140214, 0.39679100612831975, 0.6273320602211695, 0.6375829190492807, 0.19839120292958345
486, 0.4614865203555514, 0.29169492190704593, 0.6030650910016763, 0.1359364713938038, 0.39697217790625156, 0.6266990255362226, 0.6374273387164786, 0.19821660677581834
487, 0.4615765830861451, 0.291402050654807, 0.6029677508855822, 0.1358137885504052, 0.397152799261092, 0.6260679294686361, 0.637272108780593, 0.19804256301240059
488, 0.4616614598473773, 0.2911093558095717, 0.6028910109395179, 0.13568513254005865, 0.39731443158216395, 0.6254363087557168, 0.6371423882222359, 0.19786025652344758
489, 0.4617227789174528, 0.29081470041344937, 0.6028906385080585, 0.13554632443367434, 0.3973924250893018, 0.6247988516145444, 0.6371069491074842, 0.1976593922716591
490, 0.4618103873292168, 0.29052425857233904, 0.6028075930554073, 0.1354203934290399, 0.3975666753602498, 0.62417287007375, 0.636971253345435, 0.19748039483201513
491, 0.4618975798454358, 0.2902346759408598, 0.6027168868882052, 0.13529732009534912, 0.3977387506828954, 0.6235485664044554, 0.636824488321131, 0.19730594070200097
492, 0.4619854810083324, 0.28994611424262895, 0.6027970674523231, 0.13517142967373574, 0.39793537886501545, 0.6229297938562334, 0.6369437643722771, 0.1971230435810705
493, 0.46207194615657027, 0.2896582514263652, 0.6027043136431234, 0.13504994156520617, 0.3981055486995262, 0.6223091456879414, 0.6367941509681921, 0.19695098089565968
494, 0.4621580873105208, 0.28937124756678256, 0.6026153815799484, 0.13492763170202074, 0.3982756774696767, 0.6216904353596634, 0.6366500979323465, 0.19677753331615477
495, 0.4622438522891258, 0.2890850904696098, 0.6025230928739121, 0.1348068788205345, 0.398444419658039, 0.6210734718870291, 0.6365012861951194, 0.19660649065904953
496, 0.46232917359037745, 0.28879976577219973, 0.6024189386647011, 0.1346908515309352, 0.3986100436927311, 0.6204580162933269, 0.6363358127103285, 0.1964426998420148
497, 0.4624162922560459, 0.2885156003890891, 0.6027044514648955, 0.13470544135583362, 0.39882360497041425, 0.6198517467555075, 0.636782614945001, 0.1964970904874673
498, 0.4625010043659561, 0.2882319675234996, 0.602610240286941, 0.13458651610528677, 0.398989789335806, 0.6192401757606362, 0.636631151759124, 0.19632874459074443
499, 0.46258525858443744, 0.2879491517278015, 0.6025020219069401, 0.13447327929314976, 0.3991523562041398, 0.6186300208650419, 0.6364601644313167, 0.1961690377495741
500, 0.46266894930705665, 0.28766713336282984, 0.6023739283116585, 0.13436920887901624, 0.39930860413397595, 0.618020937189368, 0.6362641545509863, 0.19602167815211416
