Blocker_scaling_factor  Reimers_scaling_factor  star_mass  index
0.04 0.441038465029 0.548913951565217 0
0.0160194648101 0.7 0.538584085592275 2
0.01 0.428779257156 0.566644812973045 3
0.029320990553 0.3 0.5569922031388624 5
0.01 0.448600925966 0.5651860156694303 6
0.0119296369479 0.7 0.5405070663991016 7
0.0255576379195 0.7 0.5338475645192942 8
0.0252166037507 0.3 0.560512791249525 9
0.0177559401035 0.7 0.5374759346216359 10
0.01 0.509903327329 0.5604944287581719 11
0.01 0.548829463742 0.5576740049214176 13
0.04 0.424167660992 0.547967317679692 14
0.01 0.616754779027 0.5524657570300024 15
0.04 0.543523084228 0.5426426119752772 16
0.0227760460164 0.7 0.5361201198965013 17
0.01 0.508743438265 0.5603849146025128 18
0.01 0.516225596675 0.5603177181499492 19
0.0290051707922 0.3 0.5581606357552602 20
0.0335423249174 0.3 0.5556804705069968 21
0.0275675991643 0.7 0.5337213896101594 22
0.0176764508042 0.7 0.5384281405297013 23
0.035367897607 0.7 0.5332212099514871 24
0.01 0.405274358638 0.5681294328829989 25
0.0248728074933 0.3 0.5607697063757529 26
0.0183097007268 0.3 0.5646295868339403 28
0.0258011951954 0.7 0.534485571827389 29
0.04 0.336885044375 0.5524358777853554 30
0.04 0.642514986011 0.5358865263465324 31
0.04 0.517047775639 0.54460410905732 32
0.04 0.609769397838 0.5379178653398952 33
0.04 0.58919281148 0.5409979222050778 34
0.01 0.504021548591 0.5607343040387379 35
0.0296740631485 0.7 0.5332119349598146 37
0.01 0.602553938994 0.5532833728718283 38
0.04 0.518953070892 0.5440708617922231 40
0.01 0.382206356922 0.5693343627090007 41
0.04 0.520717987492 0.5451947647838301 42
0.0111464570913 0.7 0.5421289257546377 43
0.01 0.411581421862 0.5675282319195708 44
0.01 0.386402286668 0.5690642691269576 45
0.0150457002392 0.3 0.5674367052570269 46
0.04 0.358940618712 0.5520970542898603 47
0.0178864827558 0.3 0.5647251220750212 48
0.0166402522099 0.7 0.5388442843061282 49
0.01 0.609796685225 0.5526281152047325 50
0.01 0.526305215681 0.5592683565570749 51
0.0258350606588 0.7 0.5357111843391426 53
0.019935500741 0.7 0.5367976831695008 54
0.0261579268953 0.3 0.5588868402512852 55
0.0102400535249 0.3 0.574055444707412 57
0.0235215795669 0.3 0.5609439883911497 58
0.01 0.376817384916 0.569917977168901 59
0.0320044970708 0.3 0.5568576312137703 60
0.0248140341584 0.3 0.5607725032958942 62
0.01 0.503536217166 0.5612208935656738 63
0.01 0.326112783391 0.5722693635229666 64
0.01 0.369134228853 0.5699858467772503 65
0.034273823043 0.7 0.5338212251161322 66
0.0209785762207 0.3 0.5625704285569834 67
0.01 0.607760427409 0.5530222086821173 68
0.01 0.516371319225 0.5600372786758753 69
0.0205453207351 0.3 0.5616700304203008 70
0.0231539265763 0.3 0.5613136103218145 71
0.04 0.462016376065 0.5479083830969728 72
0.0220479078142 0.7 0.5360096627720872 74
0.0259727543213 0.7 0.5354767010322435 76
0.01 0.31211874034 0.5735988748245864 77
0.04 0.537197604225 0.5434840601251649 78
0.0249763946073 0.3 0.5604665438930532 80
0.01 0.423752146226 0.5667862761741784 81
0.0245877719559 0.3 0.5604998314091508 82
0.0143713294713 0.3 0.5681336830892043 83
0.0242537185466 0.7 0.5359012225988646 84
0.01 0.492356517572 0.5621613842054561 85
0.0148691821189 0.3 0.5676869587475928 86
0.0245268132998 0.3 0.5605771257206367 87
0.0286778416444 0.3 0.5583887643948166 88
0.01 0.691087164716 0.5436514872910163 89
0.04 0.49551376781 0.5465530638303532 90
0.0233692070804 0.7 0.5361872374644117 93
0.01 0.510674759704 0.5603096732915431 95
0.0246719424096 0.7 0.5357637006731925 96
0.04 0.330694353858 0.5541539095685466 97
0.0378606525575 0.3 0.5552721479838119 98
0.0209898652012 0.3 0.5617495953666475 100
0.01 0.503045366348 0.5612331728258273 101
0.0321551393447 0.3 0.5570095397676655 102
0.01 0.363745377385 0.570569597919049 103
0.04 0.553025709581 0.5405966190940891 104
0.04 0.496630712907 0.5456414961032864 105
0.0243001369905 0.7 0.5358791187386962 106
0.0186912866801 0.3 0.56315019812917 107
0.01 0.463624346085 0.5639615607070012 108
0.01 0.537244058998 0.5589366960341468 109
0.01 0.552078372625 0.5573163657967953 110
0.0240579312968 0.7 0.5357922993624509 112
0.04 0.326697446881 0.5525656144154024 114
0.0325352112369 0.7 0.5328670480656788 116
0.01 0.646553610856 0.5479312488783659 117
0.0261012151106 0.7 0.534249860179909 118
0.04 0.682503782919 0.5342101258550914 119
0.04 0.439568375132 0.5479997218976296 120
0.0277866714589 0.3 0.5587297989517274 121
0.01 0.378356425507 0.5686811866876124 122
0.0243434484622 0.7 0.5337377317953431 123
0.04 0.484662187193 0.5460897485029493 124
0.04 0.508765282454 0.5457576215121278 125
0.04 0.521498471183 0.5452736724283975 126
0.0296340651615 0.7 0.5336102812506311 127
0.04 0.61346828407 0.5386933585487567 128
0.04 0.54377460776 0.5432090103524498 130
0.01 0.398717771356 0.5684877782861442 132
0.0279566717221 0.7 0.5338509281591408 133
0.04 0.551453434088 0.5425679464439791 134
0.0218479924765 0.3 0.5612982755191623 135
0.0235011978485 0.3 0.5602170438849376 136
0.0384023312384 0.3 0.5531780601401094 137
0.03558657189 0.3 0.555968172226981 139
0.017236963836 0.3 0.5653291313686334 142
0.01 0.384368449128 0.5694265986152863 143
0.04 0.497480086659 0.5458568698142836 144
0.0289621044855 0.7 0.5330385565430754 145
0.01 0.484037524353 0.5624211895896247 146
0.04 0.526551031921 0.5450745446392824 147
0.0149362696907 0.7 0.5391843138208221 148
0.0241620372042 0.7 0.5338010410764866 151
0.01 0.680882004079 0.5445720564001091 152
0.0164606659728 0.3 0.5659348806048347 153
0.01 0.495675767235 0.5617921052929647 154
0.0314074465141 0.3 0.5574443812398444 155
0.04 0.526583042303 0.5448585859999576 156
0.04 0.552404737654 0.5424563972987687 157
0.04 0.493382623449 0.5455442357716704 158
0.0245889689705 0.7 0.5358457958903933 159
0.0191254735392 0.7 0.5379559661627497 160
0.01 0.504745117359 0.5612437420689155 161
0.01 0.528205221229 0.55828083934622 162
0.04 0.432811180977 0.5489501840483341 163
0.04 0.547560930445 0.543129495577161 164
0.01 0.561247278938 0.556050718247143 165
0.04 0.47530275609 0.5455684499013856 166
0.0221280300142 0.7 0.5360433067680294 167
0.04 0.501236815896 0.5446097090861123 168
0.0233065188102 0.3 0.5610683935300138 169
0.01 0.48468089996 0.5624369683103309 171
0.0229044319932 0.3 0.5612549917813999 173
0.0319863556284 0.7 0.5332187148741108 174
0.0203667737768 0.7 0.5345372082777132 175
0.0197730700922 0.7 0.536558805343946 177
0.036376333747 0.3 0.5557060815004675 179
0.01 0.50617537024 0.5610419693362674 180
0.0358672568996 0.3 0.5556044482900888 182
0.04 0.40939102625 0.550136600616329 183
0.0138764502947 0.3 0.5678059512752961 184
0.04 0.423143623889 0.5492241808591947 185
0.0245592610968 0.7 0.5338818884502723 186
0.04 0.664351710001 0.5357086202676952 188
0.01 0.51195218363 0.5607352534775291 189
0.04 0.46827415419 0.5475229292454035 190
0.04 0.564683130171 0.5424661410233623 191
0.01 0.58708346714 0.5533928455416997 192
0.0288354414779 0.3 0.5572920917940462 193
0.0344063370277 0.7 0.5333575094080443 196
0.0254748599167 0.7 0.5355167365513477 197
0.0263080328249 0.3 0.5591316929483046 198
0.0280543767555 0.7 0.5343008456456095 199
