Blocker_scaling_factor  Reimers_scaling_factor  status  index
0.0119296369479 0.7 success 7
0.01 0.458829827643 error 52
0.0378606525575 0.3 success 98
0.04 0.641101666148 error 94
0.0160194648101 0.7 success 2
0.01 0.411581421862 success 44
0.04 0.518953070892 success 40
0.01 0.680882004079 success 152
0.0245877719559 0.3 success 82
0.0240579312968 0.7 success 112
0.04 0.517047775639 success 32
0.0221280300142 0.7 success 167
0.0205453207351 0.3 success 70
0.0296340651615 0.7 success 127
0.0319863556284 0.7 success 174
0.01 0.51195218363 success 189
0.01 0.40567326964 error 113
0.0191254735392 0.7 success 160
0.04 0.61346828407 success 128
0.0203667737768 0.7 success 175
0.04 0.505665772464 error 39
0.04 0.326697446881 success 114
0.01 0.504745117359 success 161
0.04 0.417991562773 error 27
0.01 0.516371319225 success 69
0.01 0.516225596675 success 19
0.0269359341975 0.3 error 129
0.03656862956 0.7 error 176
0.01 0.616754779027 success 15
0.0235011978485 0.3 success 136
0.0102400535249 0.3 success 57
0.0258350606588 0.7 success 53
0.0233608691372 0.7 error 99
0.01 0.510674759704 success 95
0.01 0.386402286668 success 45
0.01 0.382206356922 success 41
0.0245268132998 0.3 success 87
0.01 0.528205221229 success 162
0.0143713294713 0.3 success 83
0.01 0.378356425507 success 122
0.04 0.609769397838 success 33
0.0197730700922 0.7 success 177
0.0231539265763 0.3 success 71
0.0384023312384 0.3 success 137
0.0280543767555 0.7 success 199
0.04 0.432811180977 success 163
0.0243434484622 0.7 success 123
0.01 0.558449123087 error 170
0.0247113396781 0.7 error 138
0.04 0.423143623889 success 185
0.04 0.484662187193 success 124
0.01 0.48468089996 success 171
0.0183097007268 0.3 success 28
0.03558657189 0.3 success 139
0.0245592610968 0.7 success 186
0.04 0.543523084228 success 16
0.0235215795669 0.3 success 58
0.01 0.552078372625 success 110
0.0246719424096 0.7 success 96
0.0150457002392 0.3 success 46
0.01 0.448600925966 success 6
0.04 0.520717987492 success 42
0.04 0.508765282454 success 125
0.0286778416444 0.3 success 88
0.0323481844001 0.3 error 172
0.0242537185466 0.7 success 84
0.01 0.398717771356 success 132
0.0213765625089 0.7 error 1
0.04 0.58919281148 success 34
0.04 0.336885044375 success 30
0.0259727543213 0.7 success 76
0.0123112744561 0.7 error 187
0.0252166037507 0.3 success 9
0.04 0.462016376065 success 72
0.04 0.526551031921 success 147
0.01 0.368235937698 error 4
0.0275675991643 0.7 success 22
0.0320044970708 0.3 success 60
0.0229044319932 0.3 success 173
0.0279566717221 0.7 success 133
0.04 0.49551376781 success 90
0.04 0.664351710001 success 188
0.0149362696907 0.7 success 148
0.04 0.413135200518 error 195
0.04 0.551453434088 success 134
0.018698638035 0.3 error 181
0.0183251492037 0.3 error 149
0.0344063370277 0.7 success 196
0.0227760460164 0.7 success 17
0.01 0.537244058998 success 109
0.01 0.376817384916 success 59
0.04 0.439568375132 success 120
0.04 0.330694353858 success 97
0.04 0.358940618712 success 47
0.0218479924765 0.3 success 135
0.01 0.691087164716 success 89
0.0358672568996 0.3 success 182
0.01 0.492356517572 success 85
0.01 0.504021548591 success 35
0.04 0.642514986011 success 31
0.01 0.31211874034 success 77
0.0254748599167 0.7 success 197
0.0212979208531 0.3 error 73
0.04 0.552404737654 success 157
0.0277866714589 0.3 success 121
0.0176764508042 0.7 success 23
0.01 0.369134228853 success 65
0.0325313334569 0.7 error 61
0.01 0.509903327329 success 11
0.04 0.40939102625 success 183
0.01 0.384368449128 success 143
0.0283350000788 0.7 error 91
0.0263080328249 0.3 success 198
0.04 0.493382623449 success 158
0.0138764502947 0.3 success 184
0.04 0.497480086659 success 144
0.04 0.564683130171 success 191
0.0245889689705 0.7 success 159
0.04 0.682503782919 success 119
0.04 0.54377460776 success 130
0.0178864827558 0.3 success 48
0.0289621044855 0.7 success 145
0.01 0.58708346714 success 192
0.04 0.496630712907 success 105
0.0148691821189 0.3 success 86
0.027949554369 0.3 error 36
0.029320990553 0.3 success 5
0.04 0.537197604225 success 78
0.0220479078142 0.7 success 74
0.04 0.441038465029 success 0
0.0171800303845 0.3 error 131
0.035367897607 0.7 success 24
0.0290051707922 0.3 success 20
0.034273823043 0.7 success 66
0.0255576379195 0.7 success 8
0.0248140341584 0.3 success 62
0.01 0.428779257156 success 3
0.01 0.484037524353 success 146
0.04 0.342942980178 error 12
0.0288354414779 0.3 success 193
0.0243001369905 0.7 success 106
0.0164606659728 0.3 success 153
0.019935500741 0.7 success 54
0.01 0.609796685225 success 50
0.01 0.568829219248 error 92
0.04 0.501236815896 success 168
0.0249763946073 0.3 success 80
0.0227878946314 0.7 error 194
0.0186912866801 0.3 success 107
0.01 0.495675767235 success 154
0.0233065188102 0.3 success 169
0.01 0.50617537024 success 180
0.0331199577814 0.7 error 140
0.0209898652012 0.3 success 100
0.0166402522099 0.7 success 49
0.01 0.463624346085 success 108
0.0314074465141 0.3 success 155
0.01 0.507920503396 error 115
0.0296740631485 0.7 success 37
0.0222470387612 0.7 error 79
0.0240884191546 0.3 error 75
0.0258011951954 0.7 success 29
0.0216870636517 0.7 error 141
0.01 0.405274358638 success 25
0.01 0.503045366348 success 101
0.0335423249174 0.3 success 21
0.0209785762207 0.3 success 67
0.01 0.503536217166 success 63
0.04 0.526583042303 success 156
0.01 0.548829463742 success 13
0.0325352112369 0.7 success 116
0.0261579268953 0.3 success 55
0.01 0.526305215681 success 51
0.0233692070804 0.7 success 93
0.0279441688506 0.7 error 178
0.0111464570913 0.7 success 43
0.017236963836 0.3 success 142
0.01 0.423752146226 success 81
0.0321551393447 0.3 success 102
0.01 0.646553610856 success 117
0.04 0.547560930445 success 164
0.036376333747 0.3 success 179
0.04 0.46827415419 success 190
0.01 0.363745377385 success 103
0.04 0.500984989157 error 150
0.0261012151106 0.7 success 118
0.01 0.561247278938 success 165
0.01 0.602553938994 success 38
0.04 0.553025709581 success 104
0.0241620372042 0.7 success 151
0.0248728074933 0.3 success 26
0.04 0.351760551769 error 111
0.01 0.607760427409 success 68
0.01 0.326112783391 success 64
0.01 0.508743438265 success 18
0.04 0.47530275609 success 166
0.04 0.424167660992 success 14
0.04 0.521498471183 success 126
0.0177559401035 0.7 success 10
0.0227277017923 0.7 error 56
